Representative_ASV	Beta	SE	P	FDR_BH
s__Caldisericum_exile	0.0599143539206052	0.238195130710074	0.804416151285679	0.99125484034098
s__Candidatus_Endomicrobium_trichonymphae	0.559739627868104	0.231911713873407	0.0273632671497809	0.99125484034098
s__Elusimicrobium_minutum	0.0931184331104664	0.220518773663971	0.678120347858108	0.99125484034098
s__Aminobacterium_colombiense	0.0763847027120893	0.21260899922969	0.723814478183537	0.99125484034098
s__Thermodesulfovibrio_yellowstonii	-0.108404209976782	0.210842026733961	0.613766611601437	0.99125484034098
s__Dissulfurispira_thermophila	0.920187589635678	0.347893951631889	0.017015669419753	0.99125484034098
s__Thermodesulfobacterium_geofontis	0.0116994607524185	0.211518048495256	0.956534863299018	0.99125484034098
s__Thermodesulfatator_indicus	0.046319968836427	0.19369339391478	0.813855760879873	0.99125484034098
s__Candidatus_Chazhemtobacterium_aquaticus	-0.325362736171418	0.32555957256734	0.3316170451106	0.99125484034098
s__Candidatus_Babela_massiliensis	0.242492451364081	0.25411413659741	0.353322361763158	0.99125484034098
s__Candidatus_Saccharimonas_aalborgensis	0.102204908550793	0.204305684398728	0.623309518095218	0.99125484034098
s__Kiritimatiella_glycovorans	0.0931184331104664	0.220518773663971	0.678120347858108	0.99125484034098
s__Fibrobacter_succinogenes	0.0687778224505266	0.223956353313151	0.762494496834788	0.99125484034098
s__Melioribacter_roseus	0.0666071259557364	0.236216135541277	0.781366345208116	0.99125484034098
s__Ignavibacterium_album	-0.0836243184496458	0.228695285234483	0.719130295510716	0.99125484034098
s__Atribacter_laminatus	-0.200715088769328	0.344648681814635	0.567957966395859	0.99125484034098
s__Geovibrio_thiophilus	0.371574422273428	0.255254823284499	0.163694769968197	0.99125484034098
s__Calditerrivibrio_nitroreducens	0.0536415530457666	0.240224402110623	0.82596500024314	0.99125484034098
s__Flexistipes_sinusarabici	-0.283736103889804	0.229357061413002	0.232869392291266	0.99125484034098
s__Deferribacter_desulfuricans	0.106841307048511	0.364593576953644	0.773036823256783	0.99125484034098
s__Thermotomaculum_hydrothermale	0.224680308509877	0.185331919651795	0.241972441794944	0.99125484034098
s__Granulicella_tundricola	-0.347370139217704	0.355820932547041	0.342629204129275	0.99125484034098
s__Candidatus_Solibacter_usitatus	-0.309633969822787	0.200931814930318	0.141726677746768	0.99125484034098
s__Dictyoglomus_thermophilum	-0.638833283851314	0.461751736819382	0.184411251544442	0.99125484034098
s__Persephonella_marina	0.267047314833207	0.228359507300449	0.258371703532366	0.99125484034098
s__Sulfurihydrogenibium_sp._YO3AOP1	0.379586966199818	0.435250914869539	0.395298715924916	0.99125484034098
s__Hydrogenobacter_thermophilus	0.0802093671366824	0.221977320549012	0.722296691682162	0.99125484034098
s__Hydrogenobaculum_sp._Y04AAS1	-0.201616667270527	0.243171175414014	0.418529808334147	0.99125484034098
s__Aquifex_aeolicus	-0.106440850136565	0.354172721195719	0.767414362065654	0.99125484034098
s__Chlamydia_gallinacea	0.239515973718448	0.334507645425231	0.483696111763119	0.99125484034098
s__Candidatus_Protochlamydia_naegleriophila	-0.253730438954813	0.211477998617945	0.246673219560218	0.99125484034098
s__Neochlamydia_sp._S13	0.0635174645557452	0.225079284280467	0.781196677182315	0.99125484034098
s__Simkania_negevensis	-0.12674986839087	0.32436277709858	0.700824041253405	0.99125484034098
s__Humisphaera_borealis	0.453212195734976	0.21164508111342	0.0470244026916743	0.99125484034098
s__Candidatus_Kuenenia_stuttgartiensis	0.204454159609842	0.189354974364824	0.295339329276959	0.99125484034098
s__Paludisphaera_borealis	0.273099031218752	0.26379090063692	0.315038730075362	0.99125484034098
s__Isosphaera_pallida	-0.0264297986158142	0.273358910539692	0.924106982827664	0.99125484034098
s__Aquisphaera_giovannonii	-0.102791884203567	0.248437510477105	0.684227539516419	0.99125484034098
s__Crateriforma_conspicua	0.384068250600606	0.224561957023809	0.105396656894126	0.99125484034098
s__Gimesia_alba	-0.76204095586384	0.577745589059767	0.204664322934406	0.99125484034098
s__Pirellulimonas_nuda	0.0599143539206052	0.238195130710074	0.804416151285679	0.99125484034098
s__Botrimarina_mediterranea	-0.165189757169298	0.388900226297232	0.676338056644898	0.99125484034098
s__Stieleria_neptunia	0.0743303333931696	0.222915476189406	0.742874894764056	0.99125484034098
s__Rubripirellula_lacrimiformis	0.0743303333931696	0.222915476189406	0.742874894764056	0.99125484034098
s__Pirellula_sp._SH-Sr6A	0.492401145270782	0.194773291452765	0.0216645375484344	0.99125484034098
s__Lignipirellula_cremea	0.324214412702772	0.396514424538669	0.424863086007626	0.99125484034098
s__Aureliella_helgolandensis	0.0407067611980287	0.231436548168452	0.86246059516869	0.99125484034098
s__Roseimaritima_ulvae	-0.099070591435014	0.32379645718735	0.763345972476928	0.99125484034098
s__Tuwongella_immobilis	-0.0264297986158142	0.273358910539692	0.924106982827664	0.99125484034098
s__Limnoglobus_roseus	0.126512284136445	0.456347531602185	0.784947968266034	0.99125484034098
s__Gemmata_massiliana	-0.351336751002618	0.456733072468424	0.452307711191576	0.99125484034098
s__Urbifossiella_limnaea	-0.142632940689306	0.536197348224533	0.793432109884083	0.99125484034098
s__Ereboglobus_luteus	0.415734949555427	0.233595390617791	0.0930032304860182	0.99125484034098
s__Luteolibacter_sp._32A	0.281049722344718	0.202280673351088	0.182640811263864	0.99125484034098
s__Verrucomicrobium_spinosum	0.179872500952472	0.241832725407939	0.467160796830152	0.99125484034098
s__Roseimicrobium_sp._ORNL1	-0.219753140388773	0.387862567400757	0.578407360156819	0.99125484034098
s__Akkermansia_muciniphila	-0.255005517288305	0.357677488647399	0.485549946603216	0.99125484034098
s__Methylacidiphilum_kamchatkense	0.0403379578958575	0.250813355949681	0.874124140758339	0.99125484034098
s__Leptospira_interrogans	0.107572523999937	0.566893119518053	0.851746042646158	0.99125484034098
s__Brachyspira_murdochii	-0.0287778858230238	0.451292599447881	0.949899023831427	0.99125484034098
s__Sphaerochaeta_pleomorpha	0.206744327747395	0.22300501063146	0.366858924785392	0.99125484034098
s__Thiospirochaeta_perfilievii	-0.131944873873521	0.362556122517264	0.720397389028628	0.99125484034098
s__Spirochaeta_thermophila	-0.102230674617791	0.452191610324344	0.82383639571094	0.99125484034098
s__Treponema_ruminis	-0.269934699395013	0.161319300513223	0.112568994169158	0.99125484034098
s__Borreliella_burgdorferi	-0.178276850659495	0.242564206002438	0.472377208361	0.99125484034098
s__Borrelia_crocidurae	-0.0896266871490713	0.235075632367601	0.707727888646331	0.99125484034098
s__Sneathia_vaginalis	-0.0810850335481693	0.211150136834852	0.705727369377697	0.99125484034098
s__Sebaldella_termitidis	0.097233820402693	0.301366467607027	0.750899809887483	0.99125484034098
s__Pseudoleptotrichia_goodfellowii	-0.0150142416357954	0.256043889028162	0.95392317144614	0.99125484034098
s__Streptobacillus_moniliformis	-0.0117905631068776	0.29455680956072	0.968537027817245	0.99125484034098
s__Leptotrichia_buccalis	-0.567884674636346	0.752488154145321	0.460771057239047	0.99125484034098
s__Ilyobacter_polytropus	0.13244189050357	0.221170248899665	0.557186776195045	0.99125484034098
s__Fusobacterium_ulcerans	0.0414671235690518	0.538338305680465	0.939500584166108	0.99125484034098
s__Defluviitoga_tunisiensis	0.0110384877775858	0.247687016078624	0.964972334521923	0.99125484034098
s__Petrotoga_mobilis	-0.0827648439047465	0.221343988339375	0.713086780560252	0.99125484034098
s__Tepiditoga_spiralis	-0.0269717679385863	0.308498830926628	0.931352060375517	0.99125484034098
s__Fervidobacterium_nodosum	0.404127639663455	0.229872979515532	0.0967286709524057	0.99125484034098
s__Thermosipho_melanesiensis	0.0474963374882451	0.257233635339944	0.855694009027054	0.99125484034098
s__Thermotoga_profunda	-0.209179077916405	0.390171660360243	0.598820843717139	0.99125484034098
s__Gemmatirosa_kalamazoonesis	0.786414870926551	0.439863707369671	0.0916372246390167	0.99125484034098
s__Candidatus_Cloacimonas_acidaminovorans	0.0584692176714564	0.359244894907889	0.872629662117512	0.99125484034098
s__Chlorobaculum_limnaeum	-0.265578186138097	0.268547485960675	0.33655880582254	0.99125484034098
s__Chlorobium_phaeobacteroides	0.409597259577299	0.344278954469094	0.250505718293905	0.99125484034098
s__Prosthecochloris_sp._HL-130-GSB	0.171663969076168	0.494665110654288	0.732827142078201	0.99125484034098
s__Salinibacter_ruber	0.462083164092576	0.215856436721336	0.0470869142686458	0.99125484034098
s__Haliscomenobacter_hydrossis	-0.651321831495904	0.388963330440967	0.112327494100749	0.99125484034098
s__Paraflavitalea_soli	0.368351130164092	0.221449269539432	0.114563344885646	0.99125484034098
s__Niabella_ginsenosidivorans	0.384068250600606	0.224561957023809	0.105396656894126	0.99125484034098
s__Phnomibacter_ginsenosidimutans	0.372250901778873	0.339153541268047	0.287688142102149	0.99125484034098
s__Filimonas_lacunae	0.227924925993796	0.206081756944649	0.284136089480719	0.99125484034098
s__Pseudobacter_ginsenosidimutans	0.250702611114629	0.218620505298682	0.267370422753787	0.99125484034098
s__Pseudocnuella_soli	0.36992642741855	0.577398423165403	0.530274212419089	0.99125484034098
s__Niastella_koreensis	0.51081571207471	0.317128609035331	0.125643674144579	0.99125484034098
s__Panacibacter_ginsenosidivorans	-0.113397275948932	0.220353691217022	0.613447865634597	0.99125484034098
s__Flavisolibacter_tropicus	-0.655565787345564	0.443220145415229	0.157405573766602	0.99125484034098
s__Arachidicoccus_ginsenosidivorans	0.343379007032845	0.483722140544545	0.487409587228096	0.99125484034098
s__Chitinophaga_sp._KRA15-503	-0.397828937589501	0.243959936959994	0.121336775496094	0.99125484034098
s__Anseongella_ginsenosidimutans	-0.325466929858432	0.611913241363632	0.6016886278967	0.99125484034098
s__Pseudopedobacter_saltans	0.258948707363949	0.233305435464299	0.282490419841069	0.99125484034098
s__Solitalea_canadensis	0.399308232466742	0.232596160117581	0.104188705206582	0.99125484034098
s__Pedobacter_heparinus	-0.514642043525092	0.563933985208743	0.374217726872821	0.99125484034098
s__Olivibacter_sp._SDN3	0.119576132030674	0.284829799990196	0.679877639733247	0.99125484034098
s__Sphingobacterium_sp._G1-14	0.216180888693172	0.657941535951458	0.746492262918623	0.99125484034098
s__Mucilaginibacter_mallensis	-0.303765195064441	0.262437169213166	0.26308205060487	0.99125484034098
s__Candidatus_Amoebophilus_asiaticus	-0.0880057827502275	0.244765448522329	0.723610037712116	0.99125484034098
s__Cardinium_endosymbiont_of_Bemisia_tabaci	-0.229477479007895	0.226878824035346	0.3259796513077	0.99125484034098
s__Mangrovivirga_cuniculi	0.2468332781245	0.472473921099137	0.60811437308412	0.99125484034098
s__Marivirga_tractuosa	0.0586309643109438	0.274613809356416	0.833473952835278	0.99125484034098
s__Bernardetia_litoralis	0.0382964969653941	0.334269851391827	0.910130134276997	0.99125484034098
s__Aquiflexum_balticum	0.0737801652495989	0.234313880728393	0.7566866483178	0.99125484034098
s__Cyclobacterium_marinum	-0.0291861566797288	0.297342945423464	0.922956050526396	0.99125484034098
s__Belliella_baltica	-0.157608051744331	0.481457620728826	0.747395245522293	0.99125484034098
s__Algoriphagus_sanaruensis	-0.17483723996824	0.264535472053174	0.517519884106332	0.99125484034098
s__Echinicola_sp._20G	-1.13854070939599	0.43334637394021	0.0176523984925413	0.99125484034098
s__Rufibacter_radiotolerans	-0.544836512647067	0.383788147522947	0.173793634871552	0.99125484034098
s__Pontibacter_russatus	-0.0478074099077172	0.262464684743134	0.857620963020885	0.99125484034098
s__Adhaeribacter_swui	0.258856572619283	0.332073088820453	0.446392450563475	0.99125484034098
s__Hymenobacter_sp._DG01	-0.296713897272729	0.296127434194654	0.330402775642786	0.99125484034098
s__Flammeovirga_sp._MY04	-0.624403048286375	0.600256587077116	0.312803728276687	0.99125484034098
s__Aquirufa_nivalisilvae	0.233190638410558	0.213970278654269	0.290997042534892	0.99125484034098
s__Dyadobacter_fermentans	-0.498160207954582	0.397015857610874	0.226542307547668	0.99125484034098
s__Rhodocytophaga_rosea	-0.190358008439698	0.312346386232085	0.550288637398251	0.99125484034098
s__Arcticibacterium_luteifluviistationis	0.0364276418249366	0.306090106151239	0.90666281664921	0.99125484034098
s__Cytophaga_hutchinsonii	-0.21060492749809	0.453169551976827	0.648016293073748	0.99125484034098
s__Runella_sp._SP2	-0.265497898557653	0.310843267136821	0.404913325886277	0.99125484034098
s__Spirosoma_sp._KCTC_42546	-0.585664879665724	0.374828664845347	0.13659600832631	0.99125484034098
s__Alkalitalea_saponilacus	0.0945100840346968	0.203823173487431	0.648754032373988	0.99125484034098
s__Labilibaculum_antarcticum	-0.121714632471572	0.219415489319131	0.586309760677341	0.99125484034098
s__Draconibacterium_orientale	0.447405751111007	0.213951176707967	0.0518388310488446	0.99125484034098
s__Maribellus_comscasis	0.400054644846051	0.292400670130749	0.189070933858219	0.99125484034098
s__Tenuifilum_thalassicum	0.432259576955019	0.278780951623558	0.139429045586316	0.99125484034098
s__Paludibacter_propionicigenes	0.115959064274583	0.21159397171596	0.59079804293641	0.99125484034098
s__Dysgonomonas_sp._HDW5A	0.467621394329627	0.255390762430169	0.084685169191315	0.99125484034098
s__Proteiniphilum_saccharofermentans	0.0874123212365393	0.262680252292398	0.743375762586702	0.99125484034098
s__Sodaliphilus_pleomorphus	-0.427878005136992	0.37530872958038	0.270065930742273	0.99125484034098
s__Odoribacter_splanchnicus	0.26171145448385	0.217237050189666	0.244812903254479	0.99125484034098
s__Butyricimonas_virosa	0.198182011818658	0.267862220138539	0.469476594508295	0.99125484034098
s__Salinivirga_cyanobacteriivorans	0.46615983395105	0.340143585032327	0.188363628537014	0.99125484034098
s__Barnesiella_viscericola	0.210887855041026	0.240376799435355	0.392541752595735	0.99125484034098
s__Coprobacter_secundus	0.0402870893237319	0.245145891643633	0.871402244286651	0.99125484034098
s__Porphyromonas_gingivalis	-0.417475991912991	0.445245933395488	0.361565545394931	0.99125484034098
s__Tannerella_forsythia	0.155059478714423	0.280955624775726	0.588199207841651	0.99125484034098
s__Parabacteroides_distasonis	0.0108848084016381	0.365736745043887	0.97660401352294	0.99125484034098
s__Alistipes_indistinctus	-0.206317803481556	0.320492315220083	0.528325815844058	0.99125484034098
s__Prevotella_melaninogenica	-0.281838864058415	0.426464137680887	0.51755003491619	0.99125484034098
s__Phocaeicola_salanitronis	-0.184524369626645	0.424421436622528	0.6692003174862	0.99125484034098
s__Bacteroides_fragilis	-0.168658537802408	0.244794554963324	0.500132004700665	0.99125484034098
s__Fluviicola_taffensis	-0.196107062635765	0.379180405563049	0.611689590132151	0.99125484034098
s__Ichthyobacterium_seriolicida	-0.165652957084365	0.221123265298646	0.464011697797973	0.99125484034098
s__Candidatus_Sulcia_muelleri	0.1755225177652	0.317783041469037	0.587908289054693	0.99125484034098
s__Blattabacterium_cuenoti	-0.122707824220728	0.282626785927919	0.669625813134305	0.99125484034098
s__Weeksella_virosa	0.0737801652495989	0.234313880728393	0.7566866483178	0.99125484034098
s__Bergeyella_cardium	0.052605919737987	0.187705503932734	0.782661593317702	0.99125484034098
s__Epilithonimonas_vandammei	0.0460330712986022	0.223462228915175	0.839238248669268	0.99125484034098
s__Kaistella_jeonii	0.0733219410537404	0.345649859618791	0.834529876328455	0.99125484034098
s__Ornithobacterium_rhinotracheale	0.288018521996973	0.497060616578809	0.569889754744155	0.99125484034098
s__Apibacter_raozihei	-0.0362763697289667	0.397649564901056	0.928378568908364	0.99125484034098
s__Riemerella_anatipestifer	-0.0523233350009626	0.353269196230821	0.883997144943589	0.99125484034098
s__Empedobacter_brevis	-1.03079525484654	0.432547938562833	0.0291048432783121	0.99125484034098
s__Cloacibacterium_caeni	0.103490065150759	0.409665697189259	0.803590472127982	0.99125484034098
s__Elizabethkingia_anophelis	0.562491620020155	0.590597066040709	0.354234612943768	0.99125484034098
s__Chryseobacterium_sp._3008163	-0.195090839317037	0.290084108133149	0.510283766205244	0.99125484034098
s__Dokdonia_sp._MED134	-0.00881022355814261	0.298116754247221	0.976767782762971	0.99125484034098
s__Zunongwangia_profunda	0.0225402765337549	0.252627093888226	0.929947011383565	0.99125484034098
s__Croceibacter_atlanticus	0.376487365354286	0.22294237762422	0.109529619925736	0.99125484034098
s__Gillisia_sp._Hel1_33_143	0.247845643154856	0.22141784383174	0.278554687952739	0.99125484034098
s__Euzebyella_marina	0.640362631945678	0.254246804971497	0.0220868170918891	0.99125484034098
s__Leeuwenhoekiella_sp._ZYFB001	0.0931184331104664	0.220518773663971	0.678120347858108	0.99125484034098
s__Muricauda_ruestringensis	0.0802093671366824	0.221977320549012	0.722296691682162	0.99125484034098
s__Changchengzhania_lutea	0.0290155051947558	0.200867792600905	0.886843204737483	0.99125484034098
s__Oceanihabitans_sp._IOP_32	0.268554120157161	0.206917398864108	0.211662799170257	0.99125484034098
s__Galbibacter_sp._BG1	0.227225099715155	0.198691068962506	0.268634385732192	0.99125484034098
s__Siansivirga_zeaxanthinifaciens	0.332214924757832	0.211933105883028	0.135411459385398	0.99125484034098
s__Flagellimonas_maritima	-0.0977422535148278	0.20811401623365	0.644567842560864	0.99125484034098
s__Salegentibacter_salegens	0.246041415596835	0.203286272488742	0.242716350295455	0.99125484034098
s__Amniculibacterium_sp._G2-70	0.11116735059996	0.248020500555616	0.659655525041987	0.99125484034098
s__Antarcticibacterium_flavum	0.0537605282926539	0.227507591711661	0.816021873990874	0.99125484034098
s__Psychroflexus_torquis	0.0935907635525349	0.19515595372198	0.637645398718612	0.99125484034098
s__Arenibacter_algicola	0.0676320806486041	0.199615463158973	0.738900409750433	0.99125484034098
s__Wenyingzhuangia_fucanilytica	0.0299328328141505	0.28227667315386	0.916791261408054	0.99125484034098
s__Flavivirga_eckloniae	0.236822544926799	0.292279810252084	0.428988186684442	0.99125484034098
s__Tamlana_carrageenivorans	-0.243786946131513	0.280742195408986	0.397287684341195	0.99125484034098
s__Aequorivita_sp._KX20305	-0.0144912107401681	0.211008403383509	0.946048856741562	0.99125484034098
s__Olleya_aquimaris	0.249431545565326	0.301640338527447	0.419740034001888	0.99125484034098
s__Nonlabens_sp._Ci31	-0.251146322407495	0.273774683396165	0.371792631437442	0.99125484034098
s__Mariniflexile_sp._TRM1-10	0.132600313710202	0.269697533987231	0.629245466768907	0.99125484034098
s__Gramella_forsetii	0.244509282965723	0.308453258191345	0.43887896360963	0.99125484034098
s__Lutibacter_profundi	-0.124533542291094	0.238966363908264	0.60899561256155	0.99125484034098
s__Seonamhaeicola_sp._S2-3	-0.112837833547987	0.255235027380477	0.663993953956794	0.99125484034098
s__Maribacter_sp._HTCC2170	-0.513229770204513	0.476779926822682	0.296765812723826	0.99125484034098
s__Winogradskyella_sp._HaHa_3_26	0.102043809959164	0.56687750247511	0.859272767940739	0.99125484034098
s__Urechidicola_croceus	0.0488202182258208	0.286636697186743	0.866768358505192	0.99125484034098
s__Aquimarina_sp._BL5	-0.0298904227433622	0.533329424010156	0.95595943359336	0.99125484034098
s__Psychroserpens_sp._NJDZ02	0.0715452978894404	0.349982628491877	0.840448586251614	0.99125484034098
s__Myroides_phaeus	0.0165311135114985	0.44203385700449	0.970603444639611	0.99125484034098
s__Lacinutrix_sp._5H-3-7-4	-0.047531625985006	0.49007244911179	0.923869429679335	0.99125484034098
s__Algibacter_sp._L1A34	-0.405942922693971	0.47228126478121	0.402003310339858	0.99125484034098
s__Capnocytophaga_gingivalis	-1.07766244592285	0.402266686591317	0.015855246752236	0.99125484034098
s__Formosa_sp._Hel1_31_208	-0.0665529319623163	0.487790554013984	0.89307813616892	0.99125484034098
s__Kordia_antarctica	-0.0367927210687826	0.419140557685202	0.931076216051956	0.99125484034098
s__Cellulophaga_lytica	0.00421124797035031	0.370920314062233	0.991073579059809	0.997306746223707
s__Tenacibaculum_sp._SZ-18	0.115303892408295	0.497882556599952	0.819622228693904	0.99125484034098
s__Polaribacter_sp._L12M9	-0.383512824938738	0.437161377471215	0.392564053121053	0.99125484034098
s__Flavobacterium_johnsoniae	-0.305737456725678	0.259575884151471	0.255088712257259	0.99125484034098
s__Hydrogenophilus_thermoluteolus	-0.316179736368232	0.452819553012113	0.494464347804593	0.99125484034098
s__Bdellovibrio_sp._ZAP7	0.290705618524117	0.403344034022642	0.480864834039595	0.99125484034098
s__Halobacteriovorax_sp._BALOs_7	0.235019891734126	0.410473491045154	0.574439008070827	0.99125484034098
s__Silvanigrella_aquatica	-0.33541950306611	0.31460445939382	0.30125856066912	0.99125484034098
s__Fluviispira_sanaruensis	-0.693045431185883	0.388137263971399	0.092020239323112	0.99125484034098
s__Hippea_maritima	0.0599143539206052	0.238195130710074	0.804416151285679	0.99125484034098
s__Desulfarculus_baarsii	0.254373764837824	0.199959788700309	0.220455464563682	0.99125484034098
s__Persicimonas_caeni	0.0743303333931696	0.222915476189406	0.742874894764056	0.99125484034098
s__Candidatus_Desulfofervidus_auxilii	-0.196135772716582	0.219585227923271	0.384215030279102	0.99125484034098
s__Desulfoglaeba_alkanexedens	0.0743303333931696	0.222915476189406	0.742874894764056	0.99125484034098
s__Syntrophobacter_fumaroxidans	-0.283858694261932	0.298876983230695	0.355546660849488	0.99125484034098
s__Desulfolutivibrio_sulfoxidireducens	-0.161009771056117	0.203989030552443	0.44080348208496	0.99125484034098
s__Lawsonia_intracellularis	0.209903852899464	0.244372842769833	0.402318205877913	0.99125484034098
s__Desulfovibrio_ferrophilus	-0.137732134367683	0.280628444101146	0.629843950988794	0.99125484034098
s__Desulfopila_sp._IMCC35005	0.0536415530457666	0.240224402110623	0.82596500024314	0.99125484034098
s__Desulfotalea_psychrophila	0.0864557396192472	0.221167636677972	0.700722364756481	0.99125484034098
s__Desulfobacula_toluolica	0.0368866450134581	0.246438924598769	0.882779583002052	0.99125484034098
s__Desulfobacter_hydrogenophilus	0.212207805557283	0.202685463175281	0.309767020273585	0.99125484034098
s__Desulfonema_magnum	0.356534286757823	0.275342300983608	0.212673955663607	0.99125484034098
s__Desulfatibacillum_aliphaticivorans	0.0789335305202687	0.340882069059042	0.819646552137986	0.99125484034098
s__Desulfosarcina_alkanivorans	-0.386588050033998	0.208936448071924	0.0817341792250325	0.99125484034098
s__Sandaracinus_amylolyticus	0.0743303333931696	0.222915476189406	0.742874894764056	0.99125484034098
s__Labilithrix_luteola	0.3991577545489	0.256183194967735	0.13763136233753	0.99125484034098
s__Vulgatibacter_incomptus	0.0864557396192472	0.221167636677972	0.700722364756481	0.99125484034098
s__Anaeromyxobacter_dehalogenans	0.270740462947033	0.235867365940517	0.266927377744182	0.99125484034098
s__Haliangium_ochraceum	-0.429571172982368	0.218930856405896	0.0663307559193489	0.99125484034098
s__Minicystis_rosea	0.147164376901147	0.24929584137951	0.56274176991223	0.99125484034098
s__Chondromyces_crocatus	-0.0275679296287468	0.456792132974217	0.952579784004483	0.99125484034098
s__Sorangium_cellulosum	-0.129816230928387	0.187920432724603	0.49901327496258	0.99125484034098
s__Stigmatella_aurantiaca	0.456009797144001	0.24129763833992	0.0759578546193872	0.99125484034098
s__Cystobacter_fuscus	0.222104839828203	0.207862106661803	0.300224642943058	0.99125484034098
s__Archangium_violaceum	-0.637891782492711	0.414092626032889	0.141856037148385	0.99125484034098
s__Pyxidicoccus_sp._SCPEA002	-0.164098152646533	0.369142594613942	0.662260645128713	0.99125484034098
s__Myxococcus_xanthus	-0.412001536992038	0.367735325398571	0.278132867877329	0.99125484034098
s__Corallococcus_coralloides	-0.114901418106395	0.356914770393712	0.751430913793718	0.99125484034098
s__Geoalkalibacter_subterraneus	0.0931184331104664	0.220518773663971	0.678120347858108	0.99125484034098
s__Geobacter_sp._FeAm09	-0.181720459617144	0.289140022435548	0.538038820025771	0.99125484034098
s__Pelobacter_propionicus	-1.35558612543764	0.700878203225976	0.0699218065046705	0.99125484034098
s__Desulfuromonas_soudanensis	0.0123736906499725	0.496195495877857	0.980395497508676	0.99125484034098
s__Nitrosophilus_alvini	0.141640725161374	0.221364853921387	0.530798309874741	0.99125484034098
s__Nautilia_sp._PV-1	0.527606655324996	0.236585264393812	0.0395095507498534	0.99125484034098
s__Caminibacter_mediatlanticus	0.000866936191296498	0.358245173943749	0.998097330387632	0.999508527399585
s__Candidatus_Sulfurimonas_marisnigri	-0.0929415814074746	0.625746462026351	0.883672810736759	0.99125484034098
s__Helicobacter_pylori	1.96234453636667	1.34737423220821	0.163497818909026	0.99125484034098
s__Sulfurospirillum_cavolei	0.391164778335854	0.226273428749929	0.101974935477709	0.99125484034098
s__Campylobacter_jejuni	-1.08217320676402	0.583547831578336	0.0811020537271572	0.99125484034098
s__Poseidonibacter_lekithochrous	-0.352015957328782	0.297836086506959	0.253510127350185	0.99125484034098
s__Pseudoarcobacter_acticola	-0.0182049089579813	0.291922828397361	0.951001865482156	0.99125484034098
s__Halarcobacter_bivalviorum	-0.471045939368957	0.464543020591032	0.324798772447527	0.99125484034098
s__Arcobacter_defluvii	0.197080090613702	0.736043743836942	0.792108771444778	0.99125484034098
s__Malaciobacter_molluscorum	-0.124059018891898	0.719838979212923	0.865203190651915	0.99125484034098
s__Aliarcobacter_lanthieri	-0.114279032110711	0.262889507109478	0.669245288919663	0.99125484034098
s__Candidatus_Kinetoplastibacterium_crithidii	0.0802093671366824	0.221977320549012	0.722296691682162	0.99125484034098
s__Candidatus_Kinetoplastibacterium_blastocrithidii	0.397835142133715	0.22805049343625	0.0991218844568714	0.99125484034098
s__Candidatus_Kinetoplastibacterium_sorsogonicusi	-0.0774178569687533	0.213856374767938	0.721806288382039	0.99125484034098
s__Chitinibacter_fontanus	0.438719347777243	0.225163964153502	0.0680646457453178	0.99125484034098
s__Paludibacterium_yongneupense	0.391164778335854	0.226273428749929	0.101974935477709	0.99125484034098
s__Chromobacterium_violaceum	0.00943541752448948	0.243786165707794	0.969577540460732	0.99125484034098
s__Iodobacter_fluviatilis	-0.154271965944255	0.285700728857128	0.596215945437426	0.99125484034098
s__Vitreoscilla_sp._C1	0.0666071259557364	0.236216135541277	0.781366345208116	0.99125484034098
s__Kingella_oralis	0.0240463572202898	0.423912566671882	0.955425804468364	0.99125484034098
s__Simonsiella_muelleri	-0.0501782938332609	0.201375541121319	0.806208995340435	0.99125484034098
s__Alysiella_filiformis	0.0585200463388693	0.226267561084106	0.799024546625135	0.99125484034098
s__Neisseria_mucosa	-1.33765984256259	0.625988334835499	0.0474386533960709	0.99125484034098
s__Candidatus_Methylopumilus_universalis	0.0666071259557364	0.236216135541277	0.781366345208116	0.99125484034098
s__Candidatus_Nitrotoga_sp._AM1P	0.0303512168202729	0.262479858703201	0.909298675332832	0.99125484034098
s__Nitrosomonas_eutropha	-0.308564238892731	0.38443331135932	0.433257437077229	0.99125484034098
s__Azoarcus_sp._DN11	-0.327485909969655	0.388715212552448	0.411214295299163	0.99125484034098
s__Aromatoleum_aromaticum	-0.521897233723354	0.625372704950699	0.415551849984586	0.99125484034098
s__Fluviibacter_phosphoraccumulans	-0.260228086340577	0.409064623138647	0.533148108287084	0.99125484034098
s__Turicimonas_muris	0.407524789804879	0.267106487378114	0.145473059364277	0.99125484034098
s__Sphaerotilus_natans	0.0366893595459063	0.272029274642237	0.894296436052773	0.99125484034098
s__Xylophilus_rhododendri	0.141847351668898	0.286984636161957	0.627442889259572	0.99125484034098
s__Rhizobacter_sp._AJA081-3	0.404127639663455	0.229872979515532	0.0967286709524057	0.99125484034098
s__Rhizobacter_gummiphilus	0.0687778224505266	0.223956353313151	0.762494496834788	0.99125484034098
s__Methylibium_sp._Pch-M	0.049217285667062	0.228788258396696	0.83223216291512	0.99125484034098
s__Rubrivivax_gelatinosus	-0.101443406215481	0.427788958532477	0.81538673076827	0.99125484034098
s__Mitsuaria_sp._7	0.214871158899171	0.210411173864606	0.321474824592422	0.99125484034098
s__Thiomonas_intermedia	0.67309141832413	0.61959281941266	0.292490851302082	0.99125484034098
s__Glaciimonas_sp._PAMC28666	0.0604611986664685	0.483597001700306	0.901971154478449	0.99125484034098
s__Duganella_sp._AF9R3	0.255101683185225	0.232126607700952	0.28709913836215	0.99125484034098
s__Undibacterium_sp._KW1	-0.402564786047924	0.596817746635442	0.509051282553702	0.99125484034098
s__Massilia_oculi	0.235185866772124	0.470951838812231	0.623909890185931	0.99125484034098
s__Collimonas_arenae	0.221767598980135	0.325379443561332	0.504693355931781	0.99125484034098
s__Herbaspirillum_huttiense	-0.232058761152949	0.436142595177736	0.601562078164061	0.99125484034098
s__Bordetella_pseudohinzii	-0.500585212205124	0.52996885282384	0.358117891624402	0.99125484034098
s__Alcaligenes_faecalis	-0.498767975942515	0.383420766283473	0.210671471965276	0.99125484034098
s__Achromobacter_xylosoxidans	0.287242494249387	0.589899502016056	0.632523486028923	0.99125484034098
s__Verminephrobacter_eiseniae	0.578675926171342	0.373570404769377	0.139786542447228	0.99125484034098
s__Polaromonas_sp._JS666	0.259701945565288	0.196503809112171	0.203807916113471	0.99125484034098
s__Simplicispira_suum	-0.0949887048887529	0.215481774782372	0.664897756091965	0.99125484034098
s__Hydrogenophaga_sp._BA0156	0.0324583431340498	0.242395033685636	0.895048751545213	0.99125484034098
s__Ottowia_sp._oral_taxon_894	0.483480593558313	0.5650088889688	0.404061214339423	0.99125484034098
s__Schlegelella_thermodepolymerans	-0.226627831148766	0.303488633703236	0.465422072480988	0.99125484034098
s__Diaphorobacter_sp._HDW4B	-0.161533331905219	0.279882935488402	0.571405581129493	0.99125484034098
s__Comamonas_testosteroni	-0.0240615763249132	0.414320724717116	0.954366260592088	0.99125484034098
s__Delftia_acidovorans	0.409347399366654	0.532600246927868	0.45268680964851	0.99125484034098
s__Rhodoferax_sp._AJA081-3	0.0512902733573995	0.322636022805634	0.875563827808214	0.99125484034098
s__Acidovorax_avenae	-1.37298311726566	0.405343385269363	0.00350341282658802	0.99125484034098
s__Variovorax_paradoxus	-0.58761652855122	0.304630206709517	0.0706040515419491	0.99125484034098
s__Kinneretia_sp._DAIF2	-0.154183758776364	0.218110984617404	0.489202730457761	0.99125484034098
s__Ephemeroptericola_cinctiostellae	0.0145389458195234	0.272778872362447	0.958114706054736	0.99125484034098
s__Chitinimonas_arctica	0.0743303333931696	0.222915476189406	0.742874894764056	0.99125484034098
s__Lautropia_mirabilis	-0.161302447624055	0.228005574890171	0.488872935461739	0.99125484034098
s__Paraburkholderia_aromaticivorans	-0.507863363763547	0.328466848349037	0.140477501032155	0.99125484034098
s__Pandoraea_pnomenusa	-0.586423219813466	0.376789705937787	0.138040428695639	0.99125484034098
s__Cupriavidus_taiwanensis	0.186031852238097	0.197901724649473	0.36037261739335	0.99125484034098
s__Burkholderia_pseudomallei	-0.0210829951135181	0.34514662339742	0.952004573698758	0.99125484034098
s__Ralstonia_solanacearum	0.0183193127885849	0.317926905373575	0.954722279397951	0.99125484034098
s__Polynucleobacter_sp._MG-Unter2-18	-0.212948834856973	0.383434107618107	0.585874613999121	0.99125484034098
s__Luteithermobacter_gelatinilyticus	-0.928776245185924	0.571773393828295	0.122689994923933	0.99125484034098
s__Candidatus_Paracaedibacter_acanthamoebae	0.0802093671366824	0.221977320549012	0.722296691682162	0.99125484034098
s__Candidatus_Cytomitobacter_indipagum	0.2282776953297	0.247457069441643	0.369178914868211	0.99125484034098
s__endosymbiont_of_Acanthamoeba_sp._UWC8	0.23044839182449	0.23578249874814	0.342087096696866	0.99125484034098
s__Candidatus_Pelagibacter_sp._RS40	0.24117373274245	0.383022282987491	0.537288578442533	0.99125484034098
s__Candidatus_Fonsibacter_ubiquis	-0.181389561335848	0.251605527351083	0.48075105269628	0.99125484034098
s__Hyphobacterium_sp._CCMP332	0.0864557396192472	0.221167636677972	0.700722364756481	0.99125484034098
s__Marinicauda_algicola	-0.149054078015153	0.328415807255043	0.655671756515888	0.99125484034098
s__Glycocaulis_alkaliphilus	-0.266423575832151	0.410085343642522	0.52458218390634	0.99125484034098
s__Caulobacter_vibrioides	0.15709517701904	0.323036752320559	0.632958880411657	0.99125484034098
s__Asticcacaulis_excentricus	-0.263249856029554	0.26364008129046	0.332029019789844	0.99125484034098
s__Brevundimonas_sp._Bb-A	-0.0645718180024062	0.365285024373414	0.861777123430646	0.99125484034098
s__Polymorphobacter_sp._PAMC_29334	0.154823903039611	0.359656299322879	0.672256381117896	0.99125484034098
s__Sphingosinicella_microcystinivorans	0.259405450461906	0.454585669120128	0.57570859425614	0.99125484034098
s__Zymomonas_mobilis	-0.14395125371052	0.220875087015512	0.523288534585449	0.99125484034098
s__Erythrobacter_neustonensis	0.228454996981055	0.49093776557452	0.647590706086001	0.99125484034098
s__Altererythrobacter_sp._TH136	0.91075781305224	0.432391795879599	0.0503393931447732	0.99125484034098
s__Novosphingopyxis_iocasae	0.138227154442033	0.368035663990549	0.71187380003703	0.99125484034098
s__Sphingopyxis_sp._EG6	-0.326642712029658	0.448603348515519	0.476443073453589	0.99125484034098
s__Sphingobium_yanoikuyae	0.577149234418734	0.378232285347256	0.145420908054543	0.99125484034098
s__Sphingorhabdus_sp._JK6	-0.486170194170979	0.273824364891778	0.0937220656248085	0.99125484034098
s__Sphingomonas_sp._C8-2	-0.222283832554476	0.636576511935565	0.731237212493581	0.99125484034098
s__Candidatus_Deianiraea_vastatrix	0.0536415530457666	0.240224402110623	0.82596500024314	0.99125484034098
s__Candidatus_Phycorickettsia_trachydisci	0.221964741820374	0.199955937417085	0.282425331388312	0.99125484034098
s__Rickettsia_asiatica	-0.0404288051159521	0.494739885273546	0.935825935316768	0.99125484034098
s__Orientia_tsutsugamushi	0.132992852179436	0.441337087771195	0.766809472203623	0.99125484034098
s__Wolbachia_endosymbiont_of_Ctenocephalides_felis_wCfeT	-0.590014086747713	0.422526560314174	0.180562770293506	0.99125484034098
s__Candidatus_Neoehrlichia_mikurensis	-0.0578674692964073	0.322885025126712	0.859883615425904	0.99125484034098
s__Ehrlichia_ruminantium	-0.194520690138186	0.589702118726283	0.745533614813551	0.99125484034098
s__Rhodobacter_capsulatus	0.439415783668037	0.282429951045027	0.138165541827308	0.99125484034098
s__Rhodobaca_barguzinensis	0.368351130164092	0.221449269539432	0.114563344885646	0.99125484034098
s__Pontivivens_sp._MT2928	0.100345938995653	0.307118303371058	0.747857592627748	0.99125484034098
s__Paraoceanicella_profunda	-0.110870366334214	0.189363470505994	0.565910445806453	0.99125484034098
s__Haematobacter_massiliensis	0.482496835637529	0.334439513390386	0.167276625346862	0.99125484034098
s__Boseongicola_sp._CCM32	-0.100772213311796	0.208271356571731	0.63466579210904	0.99125484034098
s__Thioclava_nitratireducens	0.0328640628221868	0.234156754846327	0.890032451194377	0.99125484034098
s__Cereibacter_sphaeroides	0.0345611931490316	0.209544909699571	0.870940856692193	0.99125484034098
s__Rhodovulum_sulfidophilum	0.00895801009878041	0.298441987872168	0.976403932725532	0.99125484034098
s__Paracoccus_jeotgali	-0.296304626322938	0.482415217016085	0.547208723033807	0.99125484034098
s__Oceanicola_sp._D3	0.407524789804879	0.267106487378114	0.145473059364277	0.99125484034098
s__Dinoroseobacter_shibae	0.446138845181687	0.285961563037258	0.137149465380453	0.99125484034098
s__Octadecabacter_temperatus	-0.196096747501066	0.255975219051282	0.4541369463219	0.99125484034098
s__Salipiger_pacificus	0.0802093671366824	0.221977320549012	0.722296691682162	0.99125484034098
s__Sulfitobacter_sp._D7	-0.109218074670619	0.211857799756302	0.612825075107497	0.99125484034098
s__Roseovarius_indicus	0.58972270798624	0.285983504455929	0.0548271267041829	0.99125484034098
s__Roseivivax_sp._THAF30	-0.494233808531495	0.405814321640567	0.239903389230636	0.99125484034098
s__Phaeobacter_inhibens	-0.0290813735822512	0.46371504275235	0.95072581461108	0.99125484034098
s__Mameliella_alba	-0.0353897752785841	0.292065594631602	0.904976581382559	0.99125484034098
s__Candidatus_Hodgkinia_cicadicola	-0.156581573746854	0.268653227188035	0.567653221967507	0.99125484034098
s__Devosia_sp._A16	0.0097452751982264	0.353023835030168	0.978298551332171	0.99125484034098
s__Aureimonas_populi	0.0367085468090553	0.232790387024311	0.876559508711479	0.99125484034098
s__Hyphomicrobium_denitrificans	0.0802093671366824	0.221977320549012	0.722296691682162	0.99125484034098
s__Methyloligella_sp._GL2	0.220344040747476	0.204315740323086	0.295898657070886	0.99125484034098
s__Labrenzia_sp._CP4	-0.131765372267216	0.253926559948756	0.610511893720256	0.99125484034098
s__Stappia_indica	-0.262899931482573	0.260393465801155	0.326829968682941	0.99125484034098
s__Pannonibacter_phragmitetus	1.277478790929	0.500906572393089	0.0206956353220883	0.99125484034098
s__Bosea_sp._Tri-49	0.0164477759068477	0.293860993610292	0.956017262881712	0.99125484034098
s__Microvirga_ossetica	0.246792879591504	0.198139214431292	0.229823100812132	0.99125484034098
s__Methylorubrum_extorquens	0.821618644046094	0.421425317048228	0.0679142593500473	0.99125484034098
s__Methylobacterium_radiodurans	-0.566052820240438	0.539063439173187	0.30838646014839	0.99125484034098
s__Phyllobacterium_sp._628	0.259591624948617	0.215889843487155	0.245679640675321	0.99125484034098
s__Mesorhizobium_sp._M8A.F.Ca.ET.057.01.1.1	0.0346610586397012	0.662207157591038	0.958866555234883	0.99125484034098
s__Bartonella_australis	-0.107589436605071	0.490785528481843	0.829090027968679	0.99125484034098
s__Chelatococcus_sp._CO-6	-0.0500021424108673	0.300379271421611	0.869756164445407	0.99125484034098
s__Xanthobacter_sp._YN2	-0.24514216261474	0.304173146268089	0.431413209028796	0.99125484034098
s__Labrys_sp._KNU-23	-0.131048454654808	0.340219801911173	0.704875298746074	0.99125484034098
s__Brucella_pseudogrignonensis	-0.303709972169257	0.329655689609163	0.369786949936685	0.99125484034098
s__Shinella_sp._HZN7	-0.363005729894567	0.31801482198484	0.269497247159625	0.99125484034098
s__Liberibacter_crescens	0.0291619238568938	0.235531334836491	0.902915200768724	0.99125484034098
s__Sinorhizobium_fredii	-0.220569660755581	0.578162035453187	0.707557480911887	0.99125484034098
s__Neorhizobium_sp._SOG26	0.274387028853499	0.202987843938565	0.194171133567963	0.99125484034098
s__Ensifer_alkalisoli	-0.230034543836484	0.53377169926915	0.671911850886347	0.99125484034098
s__Agrobacterium_larrymoorei	-0.0307124387561895	0.526797267216082	0.954189248110151	0.99125484034098
s__Rhizobium_leguminosarum	-0.328318636215792	0.609543837966692	0.597125355029423	0.99125484034098
s__Rhodopseudomonas_palustris	-0.505880865130229	0.39375684538149	0.216108780700891	0.99125484034098
s__Bradyrhizobium_erythrophlei	-0.0403668459198214	0.284384287806438	0.888792305766179	0.99125484034098
s__Elioraea_sp._MS-P2	0.0737801652495989	0.234313880728393	0.7566866483178	0.99125484034098
s__Thalassospira_marina	0.0324991648637648	0.238639843401686	0.893274740768042	0.99125484034098
s__Tistrella_mobilis	0.0802093671366824	0.221977320549012	0.722296691682162	0.99125484034098
s__Hypericibacter_adhaerens	0.587956404616281	0.228941354714821	0.0199498070074471	0.99125484034098
s__Candidatus_Endolissoclinum_faulkneri	-0.193744553246001	0.243631934926275	0.437439985935035	0.99125484034098
s__Niveispirillum_cyanobacteriorum	0.387423988734762	0.261158469754514	0.156249391465916	0.99125484034098
s__Azospirillum_sp._TSH58	0.392196858333971	0.394649578941361	0.334263176121467	0.99125484034098
s__Entomobacter_blattae	0.368351130164092	0.221449269539432	0.114563344885646	0.99125484034098
s__Bombella_sp._KACC_21507	0.0864557396192472	0.221167636677972	0.700722364756481	0.99125484034098
s__Komagataeibacter_oboediens	0.0495487022826821	0.292191388907249	0.867344999449622	0.99125484034098
s__Lichenicola_cladoniae	-0.996497484011157	0.384738244467283	0.0190676316698193	0.99125484034098
s__Roseomonas_sp._1318	0.724064680907613	0.492093206929454	0.159452941597252	0.99125484034098
s__Acetobacter_pasteurianus	0.075527429696041	0.295136491072101	0.801093639662502	0.99125484034098
s__Granulibacter_bethesdensis	-0.210108945985373	0.330963776874761	0.533984622384262	0.99125484034098
s__Solimonas_sp._K1W22B-7	0.376487365354286	0.22294237762422	0.109529619925736	0.99125484034098
s__Methylococcus_sp._EFPC2	0.173937676660118	0.262487398249482	0.516438116145923	0.99125484034098
s__Methylomicrobium_sp._wino1	0.0931184331104664	0.220518773663971	0.678120347858108	0.99125484034098
s__Candidatus_Thioglobus_autotrophicus	0.368351130164092	0.221449269539432	0.114563344885646	0.99125484034098
s__Candidatus_Thioglobus_sp._NP1	0.241691817526905	0.209877691905423	0.265431109990442	0.99125484034098
s__Candidatus_Ruthia_endofausta	0.191173978601231	0.348988562896871	0.590953808579881	0.99125484034098
s__Bathymodiolus_thermophilus_thioautotrophic_gill_symbiont	-0.0987485850663216	0.209218239383048	0.642936690033909	0.99125484034098
s__Candidatus_Reidiella_endopervernicosa	0.245481362310307	0.247477847076808	0.335140115883946	0.99125484034098
s__Allochromatium_tepidum	0.0864557396192472	0.221167636677972	0.700722364756481	0.99125484034098
s__Rheinheimera_sp._LHK132	-0.133516180354165	0.397868019731126	0.741294140535431	0.99125484034098
s__Wenzhouxiangella_sp._AB-CW3	0.0222444297911842	0.426436208269301	0.959006428255306	0.99125484034098
s__Succinivibrio_dextrinosolvens	0.0743303333931696	0.222915476189406	0.742874894764056	0.99125484034098
s__Zobellella_denitrificans	0.0666071259557364	0.236216135541277	0.781366345208116	0.99125484034098
s__Oceanisphaera_profunda	0.0477391146300277	0.242284137922602	0.846134547162227	0.99125484034098
s__Dongshaea_marina	0.0864557396192472	0.221167636677972	0.700722364756481	0.99125484034098
s__Aeromonas_caviae	-0.0467506228330521	0.671972596565917	0.945345983722905	0.99125484034098
s__Zhongshania_aliphaticivorans	-0.133452375487304	0.201704315842782	0.517080674599916	0.99125484034098
s__Agarilytica_rhodophyticola	0.45425290390167	0.260967297261324	0.0998122707890943	0.99125484034098
s__Cellvibrio_japonicus	0.347443400699337	0.467120797537027	0.467155587862847	0.99125484034098
s__Microbulbifer_hydrolyticus	-0.471084020860809	0.292092922468594	0.125198594268519	0.99125484034098
s__Frischella_perrara	0.0900106340910547	0.224911907630968	0.693990478483193	0.99125484034098
s__Gilliamella_apicola	-0.128902969247589	0.310424854857148	0.683154922233259	0.99125484034098
s__Thiothrix_sp.	0.416053885318714	0.327239989233106	0.220705877302323	0.99125484034098
s__Hydrogenovibrio_crunogenus	0.0802093671366824	0.221977320549012	0.722296691682162	0.99125484034098
s__Thiosulfativibrio_zosterae	0.28649786862881	0.184314125166707	0.138507535546836	0.99125484034098
s__Thiomicrorhabdus_indica	-0.0403888823108515	0.398781834355235	0.920512640972359	0.99125484034098
s__Piscirickettsia_salmonis	0.0211670199224256	0.280784751495681	0.940788246446479	0.99125484034098
s__Allofrancisella_guangzhouensis	0.0405870860740383	0.200085029347252	0.841660903178645	0.99125484034098
s__Francisella_philomiragia	-0.0895161440361898	0.608701857334184	0.884814063809128	0.99125484034098
s__Endozoicomonas_montiporae	0.259701945565288	0.196503809112171	0.203807916113471	0.99125484034098
s__Spartinivicinus_ruber	0.0864557396192472	0.221167636677972	0.700722364756481	0.99125484034098
s__Oleiphilus_messinensis	0.0557703601034501	0.231863103723032	0.812795043424736	0.99125484034098
s__Kangiella_geojedonensis	0.156837896713507	0.233269849004341	0.510399629601773	0.99125484034098
s__Alcanivorax_sp._N3-2A	-0.606418473773281	0.244649923743503	0.0239681367761431	0.99125484034098
s__Neptunomonas_japonica	0.0140052482485442	0.256663263276371	0.957119878421938	0.99125484034098
s__Marinomonas_foliarum	-0.744929506612258	0.426764633195458	0.0989393060877237	0.99125484034098
s__Halotalea_alkalilenta	0.0666071259557364	0.236216135541277	0.781366345208116	0.99125484034098
s__Kushneria_marisflavi	0.410824822101635	0.270121635731798	0.146669504726661	0.99125484034098
s__Candidatus_Portiera_aleyrodidarum	0.605247234399702	0.415330361798805	0.163267178153609	0.99125484034098
s__Candidatus_Carsonella_ruddii	-0.296021136790222	0.281831415227774	0.308260943316626	0.99125484034098
s__Halomonas_elongata	0.775611961339352	0.675643421407716	0.266883185430933	0.99125484034098
s__Salinivibrio_kushneri	-0.271323455539037	0.377955486616382	0.482585995227832	0.99125484034098
s__Paraphotobacterium_marinum	0.0936540801709907	0.181889652199041	0.613256174788961	0.99125484034098
s__Grimontia_hollisae	0.467417807687582	0.421199757358815	0.282567232853216	0.99125484034098
s__Aliivibrio_fischeri	-0.221357524770352	0.403733696087682	0.590630318826955	0.99125484034098
s__Photobacterium_damselae	-0.323491958933449	0.308352504077052	0.308819564571526	0.99125484034098
s__Vibrio_parahaemolyticus	-0.378711198675054	0.24982221006806	0.147912332152877	0.99125484034098
s__Idiomarina_sp._OT37-5b	0.0931184331104664	0.220518773663971	0.678120347858108	0.99125484034098
s__Moritella_marina	-0.518196421404699	0.387301010384715	0.198530409047962	0.99125484034098
s__Glaciecola_amylolytica	0.0864557396192472	0.221167636677972	0.700722364756481	0.99125484034098
s__Catenovulum_sp._CCB-QB4	0.067202633908171	0.187774575743455	0.724830694227418	0.99125484034098
s__Marinobacter_salsuginis	0.253280482599771	0.35919069233736	0.490271384054199	0.99125484034098
s__Alteromonas_macleodii	-0.0356158536981923	0.35524683535805	0.921313445544943	0.99125484034098
s__Paraglaciecola_sp._L1A13	0.31464494812967	0.405413099284246	0.448348122378438	0.99125484034098
s__Thalassotalea_crassostreae	0.0599143539206052	0.238195130710074	0.804416151285679	0.99125484034098
s__Cognaticolwellia_beringensis	-0.0878344048762665	0.207880829455955	0.67793926519268	0.99125484034098
s__Colwellia_sp._20A7	-0.915924089992522	0.490418326195123	0.0791511274891049	0.99125484034098
s__Parashewanella_spongiae	0.400327213775275	0.19572065345585	0.0566121089739948	0.99125484034098
s__Shewanella_putrefaciens	-0.670621503093355	0.350899677149919	0.0729966293733108	0.99125484034098
s__Flocculibacter_collagenilyticus	0.0666071259557364	0.236216135541277	0.781366345208116	0.99125484034098
s__Psychrosphaera_aestuarii	0.0477391146300277	0.242284137922602	0.846134547162227	0.99125484034098
s__Pseudoalteromonas_arabiensis	0.19279652565234	0.402718417790943	0.638224669691398	0.99125484034098
s__Luteibacter_pinisoli	-0.403592318345254	0.530216363655559	0.45697679646996	0.99125484034098
s__Rhodanobacter_denitrificans	0.349897859900242	0.387144891222117	0.37873593487308	0.99125484034098
s__Dyella_japonica	-0.0819319664605275	0.205959571720858	0.69572408934302	0.99125484034098
s__Dokdonella_koreensis	-0.0989038576953824	0.258990433646943	0.707280197301993	0.99125484034098
s__Arenimonas_daejeonensis	-0.119485418456756	0.33364723944215	0.724662372128316	0.99125484034098
s__Xylella_fastidiosa	0.259701945565288	0.196503809112171	0.203807916113471	0.99125484034098
s__Pseudolysobacter_antarcticus	0.0864557396192472	0.221167636677972	0.700722364756481	0.99125484034098
s__Pseudoxanthomonas_suwonensis	0.0864557396192472	0.221167636677972	0.700722364756481	0.99125484034098
s__Thermomonas_brevis	-0.383598550254675	0.504736740407056	0.457667326161307	0.99125484034098
s__Lysobacter_enzymogenes	-0.509600806779565	0.462306530288818	0.285692462506535	0.99125484034098
s__Xanthomonas_sacchari	-0.180937849351969	0.571013629735563	0.755199427944234	0.99125484034098
s__Stenotrophomonas_maltophilia	0.521022040614843	0.762997076623355	0.503894068448118	0.99125484034098
s__Rodentibacter_heylii	0.0666071259557364	0.236216135541277	0.781366345208116	0.99125484034098
s__Avibacterium_paragallinarum	0.0864557396192472	0.221167636677972	0.700722364756481	0.99125484034098
s__Actinobacillus_porcitonsillarum	0.114091464508744	0.40445795658311	0.781283784005671	0.99125484034098
s__Histophilus_somni	-0.306806182469085	0.345326818597009	0.386696476351563	0.99125484034098
s__Bisgaardia_hudsonensis	-0.96216540199447	0.500300295631033	0.0713723821671013	0.99125484034098
s__Mannheimia_sp._USDA-ARS-USMARC-1261	-0.0597640657150886	0.43558206011859	0.892480603073038	0.99125484034098
s__Aggregatibacter_segnis	-0.348814124522063	0.311418387533463	0.278254308572967	0.99125484034098
s__Pasteurella_multocida	-0.0274638076932273	0.329001259726211	0.934447914748759	0.99125484034098
s__Haemophilus_parainfluenzae	-0.710754367289172	0.43484213439597	0.120531927330363	0.99125484034098
s__Glaesserella_sp._15-184	-0.153181304878291	0.332264519225838	0.650626125072145	0.99125484034098
s__Candidatus_Coxiella_mudrowiae	0.26171145448385	0.217237050189666	0.244812903254479	0.99125484034098
s__Candidatus_Rickettsiella_viridis	-0.707980962604439	0.499589388526007	0.174512718910918	0.99125484034098
s__Fluoribacter_dumoffii	0.0760195093981509	0.205265974067743	0.71569833872499	0.99125484034098
s__Legionella_pneumophila	-0.234102231921223	0.342006995619351	0.502888227464691	0.99125484034098
s__Psychrobacter_sp._DAB_AL43B	-0.27481172490671	0.505464994274606	0.593719925988071	0.99125484034098
s__Moraxella_osloensis	-0.000526654486744985	0.325287774223506	0.998727039602598	0.999508527399585
s__Acinetobacter_baumannii	0.0386675721482735	0.215380034681766	0.859642613010775	0.99125484034098
s__Entomomonas_sp._F2A	0.289755739472048	0.255785449691763	0.273019804248766	0.99125484034098
s__Pseudomonas_aeruginosa	0.0197249328943919	0.257873934375221	0.939921793681015	0.99125484034098
s__Plesiomonas_shigelloides	-0.119511479808318	0.215741631924423	0.586822109230318	0.99125484034098
s__Limnobaculum_parvum	0.212088830310395	0.216862758595256	0.341794245080788	0.99125484034098
s__Pragia_fontium	-0.163189869161596	0.472082286868346	0.733823253220449	0.99125484034098
s__Brenneria_izadpanahii	-0.616484551483074	0.512010915930249	0.245069456072164	0.99125484034098
s__Pectobacterium_parmentieri	-0.379317063353046	0.485593706733463	0.445462248742527	0.99125484034098
s__Dickeya_zeae	-0.324294520241238	0.528483561531269	0.547582165848455	0.99125484034098
s__Edwardsiella_tarda	-0.0257576002429785	0.369737560232463	0.945273574042305	0.99125484034098
s__Hafnia_alvei	-0.669701865245458	0.495268330888556	0.194027224916525	0.99125484034098
s__Yersinia_frederiksenii	-0.0193255197842934	0.546517489520905	0.972203613392903	0.99125484034098
s__Serratia_marcescens	-0.574261192229389	0.603486645639982	0.354648191450506	0.99125484034098
s__Xenorhabdus_bovienii	-0.103701192754018	0.213864057810622	0.63394127576276	0.99125484034098
s__Arsenophonus_nasoniae	0.0414367831054508	0.30288782794914	0.892791494979575	0.99125484034098
s__Morganella_morganii	-0.00933496327350107	0.277157579140549	0.973523780842624	0.99125484034098
s__Photorhabdus_asymbiotica	-0.189755079737919	0.437188021424645	0.669721019173769	0.99125484034098
s__Providencia_rettgeri	0.0422580431469095	0.623261662422399	0.946734765967087	0.99125484034098
s__Proteus_mirabilis	-0.49638129220369	0.359605918880928	0.185361754782936	0.99125484034098
s__Mixta_calida	0.0666071259557364	0.236216135541277	0.781366345208116	0.99125484034098
s__Pantoea_vagans	0.21103580977871	0.330752323059046	0.531943955919764	0.99125484034098
s__Candidatus_Erwinia_haradaeae	-0.0496615434986957	0.43926274225577	0.911310052924617	0.99125484034098
s__Buchnera_aphidicola	-0.332016286148899	0.277082169664048	0.247255067290412	0.99125484034098
s__Enterobacteriaceae_endosymbiont_of_Donacia_provostii	0.0477391146300277	0.242284137922602	0.846134547162227	0.99125484034098
s__Enterobacteriaceae_endosymbiont_of_Donacia_fulgens	0.0270974821694005	0.250578473312587	0.91515096551712	0.99125484034098
s__Shimwellia_blattae	0.273959108936806	0.221091672361274	0.232136783548261	0.99125484034098
s__Shigella_flexneri	0.444679774468604	0.244782416585993	0.0869474999934057	0.99125484034098
s__Enterobacteriaceae_endosymbiont_of_Donacia_clavipes	0.467621394329627	0.255390762430169	0.084685169191315	0.99125484034098
s__Candidatus_Hamiltonella_defensa	0.421113445633385	0.235473796868563	0.0915528459712112	0.99125484034098
s__Cronobacter_sakazakii	0.334056763742725	0.391208098667095	0.405026879456672	0.99125484034098
s__Kosakonia_sp._MUSA4	0.5089408041906	0.32923192940467	0.140554612925586	0.99125484034098
s__Buttiauxella_sp._3AFRM03	0.349419277886886	0.606251957030683	0.571924808723019	0.99125484034098
s__Candidatus_Purcelliella_pentastirinorum	0.260620137320389	0.199060568100949	0.207870337216858	0.99125484034098
s__secondary_endosymbiont_of_Heteropsylla_cubana	0.106818532501804	0.176861764683834	0.553841087399723	0.99125484034098
s__Blochmannia_endosymbiont_of_Polyrhachis_(Hedomyrma)_turneri	-0.094943226332237	0.343503772506747	0.785575779509053	0.99125484034098
s__Enterobacteriaceae_endosymbiont_of_Donacia_crassipes	0.274433153900674	0.20590636528786	0.200184372622729	0.99125484034098
s__Enterobacteriaceae_endosymbiont_of_Neohaemonia_nigricornis	0.0931184331104664	0.220518773663971	0.678120347858108	0.99125484034098
s__Enterobacteriaceae_endosymbiont_of_Macroplea_mutica	0.195843412632936	0.28681727869443	0.503922716564505	0.99125484034098
s__Enterobacteriaceae_endosymbiont_of_Donacia_proxima	0.0635174645557452	0.225079284280467	0.781196677182315	0.99125484034098
s__Enterobacteriaceae_endosymbiont_of_Plateumaris_rustica	-0.294672470424965	0.213911741231696	0.186211262852364	0.99125484034098
s__Enterobacteriaceae_endosymbiont_of_Donacia_sparganii	-0.118589667518849	0.392714745054534	0.766334897224503	0.99125484034098
s__Pluralibacter_gergoviae	-0.85220880003315	0.447941472706252	0.0741848978250502	0.99125484034098
s__Kluyvera_intermedia	-0.144238791325554	0.266944956894018	0.595977083887249	0.99125484034098
s__Lelliottia_amnigena	-1.12475871217611	0.441361952028173	0.0207789164556859	0.99125484034098
s__Candidatus_Profftia_tarda	0.179683212714587	0.257154128425263	0.494165232118393	0.99125484034098
s__Leclercia_adecarboxylata	0.093187389584605	0.265622110259975	0.730028041918923	0.99125484034098
s__Candidatus_Tachikawaea_gelatinosa	0.264829578342696	0.252607142171047	0.309138309144417	0.99125484034098
s__Candidatus_Gullanella_endobia	-0.225492166258166	0.282153549855322	0.435209214483241	0.99125484034098
s__Cedecea_neteri	0.0936047972046674	0.403020429566799	0.819110473027843	0.99125484034098
s__Enterobacteriaceae_endosymbiont_of_Donacia_marginata	-0.276809236146219	0.276755516835312	0.331241532225014	0.99125484034098
s__Enterobacteriaceae_endosymbiont_of_Donacia_bicoloricornis	-0.543295225271326	0.246908122386384	0.0418921479985482	0.99125484034098
s__Enterobacter_cloacae	0.379821630654856	0.628717221996361	0.553740201973759	0.99125484034098
s__Citrobacter_freundii	-0.202457082129959	0.234961999072016	0.400866423537761	0.99125484034098
s__Escherichia_coli	-0.126349481928339	0.284382314035217	0.662433696489991	0.99125484034098
s__Salmonella_enterica	-0.33311634959207	0.222615208558111	0.152889988642036	0.99125484034098
s__Klebsiella_sp._LY	-0.0840890152705941	0.253458680136677	0.744120953900489	0.99125484034098
s__Fimbriimonas_ginsengisoli	-0.131565819428457	0.30169647582821	0.668261176797845	0.99125484034098
s__Deinococcus_ficus	0.258775268815978	0.293046716101227	0.389525497810106	0.99125484034098
s__Thermus_thermophilus	0.0750622661132206	0.319639992215815	0.817142987691188	0.99125484034098
s__Meiothermus_ruber	-0.287839332553883	0.408757336588484	0.490854288141351	0.99125484034098
s__Ktedonosporobacter_rubrisoli	0.0967769522203722	0.179161844735205	0.596089475714211	0.99125484034098
s__Pelolinea_submarina	0.227225099715155	0.198691068962506	0.268634385732192	0.99125484034098
s__Chloroflexus_aggregans	0.0931184331104664	0.220518773663971	0.678120347858108	0.99125484034098
s__Roseiflexus_castenholzii	0.0204517358504393	0.241827380396342	0.933589930177665	0.99125484034098
s__Candidatus_Promineofilum_breve	0.175238879863451	0.341855853424832	0.61481985509241	0.99125484034098
s__Dehalogenimonas_lykanthroporepellens	-0.332149046091229	0.342517939014883	0.345777992757242	0.99125484034098
s__Dehalococcoides_mccartyi	0.0442646081776216	0.353593765807647	0.901845620745892	0.99125484034098
s__Candidatus_Izimaplasma_sp._HR1	0.0864557396192472	0.221167636677972	0.700722364756481	0.99125484034098
s__Candidatus_Phytoplasma_australiense	-0.40427912605586	0.255355469013874	0.131800685383377	0.99125484034098
s__Acholeplasma_palmae	-0.244698131150912	0.294330844453657	0.417289009226704	0.99125484034098
s__Ureaplasma_urealyticum	-0.406209031900978	0.231213641153911	0.0969372341455421	0.99125484034098
s__Mycoplasmopsis_felis	-0.179619147696122	0.532172046886146	0.739856020290937	0.99125484034098
s__Mycoplasma_mycoides	0.266522750903838	0.716169475181878	0.714379363925963	0.99125484034098
s__Entomoplasma_luminosum	-0.294419926637493	0.225506446570989	0.209083989774894	0.99125484034098
s__Mesoplasma_florum	0.214288283300994	0.320284348001523	0.512443882413442	0.99125484034098
s__Spiroplasma_cantharicola	-0.17381167190341	0.727509347901146	0.814029201419435	0.99125484034098
s__Chroococcidiopsis_thermalis	0.0599143539206052	0.238195130710074	0.804416151285679	0.99125484034098
s__cyanobacterium_endosymbiont_of_Epithemia_turgida	0.0766791022387886	0.250203043128096	0.762970446275193	0.99125484034098
s__cyanobacterium_endosymbiont_of_Rhopalodia_gibberula	-0.192651983531111	0.281379243255793	0.502780657822997	0.99125484034098
s__Pleurocapsa_sp._PCC_7327	0.0802093671366824	0.221977320549012	0.722296691682162	0.99125484034098
s__Stanieria_sp._NIES-3757	0.277392580123331	0.20830310884404	0.200547213728799	0.99125484034098
s__Stanieria_cyanosphaera	0.433790022485812	0.582423830544247	0.46656436596205	0.99125484034098
s__Geitlerinema_sp._PCC_7407	0.384068250600606	0.224561957023809	0.105396656894126	0.99125484034098
s__[Phormidium]_sp._ETS-05	-0.0125777244142431	0.337004097919896	0.970662898963601	0.99125484034098
s__Crinalium_epipsammum	0.0877368972956935	0.211688292188287	0.683718094678249	0.99125484034098
s__Oscillatoria_nigro-viridis	0.0743303333931696	0.222915476189406	0.742874894764056	0.99125484034098
s__Oscillatoria_acuminata	0.248494731094312	0.201000735779009	0.233161153391644	0.99125484034098
s__Moorea_producens	-0.650001741361066	0.493503067556809	0.205277637182353	0.99125484034098
s__Planktothrix_rubescens	0.024544255584834	0.28907125637998	0.933327025047961	0.99125484034098
s__Oxynema_sp._AP17	-0.126616686436471	0.215685195814218	0.564889906744978	0.99125484034098
s__Microcoleus_sp._PCC_7113	0.365469487409731	0.382783573756098	0.353075612794997	0.99125484034098
s__Trichodesmium_erythraeum	-0.368935050944708	0.479039301505858	0.451777758197997	0.99125484034098
s__Cyanobacterium_aponinum	0.20935729724507	0.251614344427904	0.41691271492802	0.99125484034098
s__Crocosphaera_subtropica	0.0477391146300277	0.242284137922602	0.846134547162227	0.99125484034098
s__Euhalothece_natronophila	-0.0430052545393985	0.199662461103252	0.832026371618756	0.99125484034098
s__Rippkaea_orientalis	0.0802093671366824	0.221977320549012	0.722296691682162	0.99125484034098
s__Candidatus_Atelocyanobacterium_thalassa	-0.0760529327170145	0.205499715895857	0.71588748507927	0.99125484034098
s__Gloeothece_citriformis	0.459596936922398	0.224899563826895	0.0568116729719136	0.99125484034098
s__Gloeothece_verrucosa	0.301219603933953	0.219675004391346	0.188141441311996	0.99125484034098
s__Microcystis_aeruginosa	-0.439891168966958	0.468020128409208	0.360434116072427	0.99125484034098
s__Chondrocystis_sp._NIES-4102	0.0010305573824675	0.309881936888432	0.997385238298071	0.999508527399585
s__Geminocystis_herdmanii	0.0525961264433922	0.19990740581555	0.795633876148394	0.99125484034098
s__Geminocystis_sp._NIES-3709	0.0134965263940972	0.283686545298401	0.96260901716186	0.99125484034098
s__Geminocystis_sp._NIES-3708	0.0844471747302105	0.271078845988545	0.759191321823604	0.99125484034098
s__Gloeocapsa_sp._PCC_7428	-0.27316520536222	0.432624933969349	0.536168768844816	0.99125484034098
s__Pseudanabaena_sp._ABRG5-3	0.254373764837824	0.199959788700309	0.220455464563682	0.99125484034098
s__Pseudanabaena_sp._PCC_7367	-0.180595999001591	0.234108762320282	0.451048757487657	0.99125484034098
s__Acaryochloris_marina	-0.362121640130396	0.453107155551903	0.435201305969341	0.99125484034098
s__Thermoleptolyngbya_sp._PKUAC-SCTB121	-0.05064837364139	0.558314886112154	0.928778176073241	0.99125484034098
s__Cyanobium_sp._NIES-981	-0.190198002542639	0.356739324187761	0.600826398603797	0.99125484034098
s__Thermosynechococcus_elongatus	-0.0650565476867869	0.337757864816586	0.849544337219375	0.99125484034098
s__Synechococcus_sp._Minos11	0.00822876155992216	0.287683187249424	0.977513889377156	0.99125484034098
s__Synechococcus_elongatus	-0.250057643413338	0.498484682813293	0.622358069700746	0.99125484034098
s__Synechococcus_sp._PCC_7002	-0.294080361710119	0.712893657176184	0.685116513450645	0.99125484034098
s__Synechococcus_sp._RS9909	0.0687778224505266	0.223956353313151	0.762494496834788	0.99125484034098
s__Synechococcus_sp._PROS-U-1	0.0743303333931696	0.222915476189406	0.742874894764056	0.99125484034098
s__Synechococcus_sp._NIES-970	0.0743303333931696	0.222915476189406	0.742874894764056	0.99125484034098
s__Synechococcus_sp._BIOS-E4-1	0.299432341112121	0.432121195573967	0.497707820440153	0.99125484034098
s__Synechococcus_sp._WH_8109	-0.565577822496329	0.417154193670844	0.192901064857135	0.99125484034098
s__Synechococcus_sp._PCC_7003	-0.162673013399098	0.360463394469517	0.657485383395152	0.99125484034098
s__Leptolyngbya_boryana	0.0743303333931696	0.222915476189406	0.742874894764056	0.99125484034098
s__Leptolyngbya_sp._15MV	-0.325655190168331	0.353497425895597	0.369815703695291	0.99125484034098
s__Leptolyngbya_sp._7M	-0.0893497830684387	0.235951319046058	0.709613968351668	0.99125484034098
s__Prochlorococcus_sp._MIT_0801	0.216608315853708	0.372734934323247	0.568776780089571	0.99125484034098
s__Prochlorococcus_marinus	-0.235703432237358	0.306008271835354	0.451722493266072	0.99125484034098
s__Chamaesiphon_minutus	-0.097198895821532	0.212204666541743	0.652722039783438	0.99125484034098
s__Brasilonema_sennae	0.069067004942046	0.209664947235168	0.745865143156285	0.99125484034098
s__Scytonema_sp._HK-05	-0.0396175820167149	0.336165575609164	0.907566664611859	0.99125484034098
s__Scytonema_sp._NIES-4073	-0.494529044676562	0.688048785151276	0.48206346932229	0.99125484034098
s__Nodularia_spumigena	0.401292350603475	0.266907992946263	0.151063848446798	0.99125484034098
s__Sphaerospermopsis_kisseleviana	-0.133437702220063	0.291756565447647	0.653203302791219	0.99125484034098
s__Fischerella_sp._NIES-3754	0.0257920352938755	0.348511457840934	0.94186923350369	0.99125484034098
s__Fischerella_sp._NIES-4106	-0.294981839205377	0.425954817086631	0.497962986685715	0.99125484034098
s__Tolypothrix_sp._PCC_7910	0.359884156212681	0.363307281131828	0.335782508871959	0.99125484034098
s__Microchaete_diplosiphon	0.537204622019012	0.295083645159753	0.086330935719781	0.99125484034098
s__Rivularia_sp._PCC_7116	0.448643553107353	0.434280860085022	0.316043778433442	0.99125484034098
s__Calothrix_sp._NIES-2098	0.259473905568237	0.309003659738938	0.412724029017165	0.99125484034098
s__Calothrix_sp._PCC_7507	0.28692306918474	0.245719238933303	0.259050152595564	0.99125484034098
s__Calothrix_sp._NIES-2100	0.00581404810979646	0.238060935571855	0.980799973826856	0.99125484034098
s__Calothrix_brevissima	-0.644620602977038	0.560482114929871	0.266017881746252	0.99125484034098
s__Calothrix_parasitica	-0.485473551171175	0.459219488265557	0.30522561669624	0.99125484034098
s__Calothrix_sp._PCC_6303	0.00965848137610055	0.390030788424616	0.980532059660317	0.99125484034098
s__Calothrix_sp._336/3	-0.0881521243487318	0.321954812614819	0.787535122925786	0.99125484034098
s__Cylindrospermum_stagnale	0.109545660882023	0.256123804534526	0.67423410187017	0.99125484034098
s__Trichormus_azollae	0.303295285875661	0.193765694183706	0.135943726451939	0.99125484034098
s__Anabaena_cylindrica	0.113558646174518	0.258753190887491	0.666283576823991	0.99125484034098
s__Anabaena_sp._90	-0.116022944202145	0.32396500109266	0.724651214084802	0.99125484034098
s__Anabaena_sp._WA102	0.0188130385131439	0.239671219577216	0.938350700939958	0.99125484034098
s__Richelia_sinica	-0.215792061569139	0.337648216068333	0.531273593384238	0.99125484034098
s__Nostoc_sp._C052	0.118124728999802	0.185479622667016	0.532698427988191	0.99125484034098
s__Nostoc_sp._UHCC_0702	0.0772356007362969	0.176747578591321	0.667624080889579	0.99125484034098
s__Nostoc_sp._TCL26-01	0.0943851353131602	0.179557093805534	0.6059172649361	0.99125484034098
s__Nostoc_sp._ATCC_53789	0.211274053320198	0.461673451460378	0.65301535242971	0.99125484034098
s__Nostoc_sp._PCC_7524	-0.537742118034965	0.37694759371067	0.17181166331834	0.99125484034098
s__Nostoc_sp._PCC_7107	0.632787321367678	0.532252202102617	0.250826918166144	0.99125484034098
s__Nostoc_linckia	0.043209078297179	0.436612268189334	0.922324125530477	0.99125484034098
s__Nostoc_punctiforme	-0.328958139397923	0.247363524741874	0.201133904515265	0.99125484034098
s__Nostoc_sphaeroides	-0.196804465553894	0.237977582496891	0.419701252881421	0.99125484034098
s__Nostoc_edaphicum	-0.0224689133869714	0.298862935059426	0.940948071315711	0.99125484034098
s__Nostoc_flagelliforme	0.567136383979638	0.473343309524274	0.247296415229419	0.99125484034098
s__Nostoc_sp._Peltigera_membranacea_cyanobiont_N6	0.158271735129784	0.400851052715098	0.69787140913028	0.99125484034098
s__Nostoc_sp._NIES-4103	-1.25314154675666	0.404896516337387	0.00657505301483528	0.99125484034098
s__Nostoc_sp._Lobaria_pulmonaria_(5183)_cyanobiont	0.01092991365661	0.279834427134485	0.969298773205818	0.99125484034098
s__Nostoc_sp._CENA543	-0.13898407607974	0.338190040204269	0.686232528778946	0.99125484034098
s__Nostoc_sp._NIES-3756	-0.065434945870369	0.307137729778098	0.833823783425854	0.99125484034098
s__Aquihabitans_sp._G128	-0.101998160879882	0.248767406808684	0.686916202076905	0.99125484034098
s__Rubrobacter_sp._SCSIO_52915	-0.0869064019828029	0.205174082618555	0.677187175850533	0.99125484034098
s__Olsenella_uli	0.0931184331104664	0.220518773663971	0.678120347858108	0.99125484034098
s__Arabia_massiliensis	0.0802093671366824	0.221977320549012	0.722296691682162	0.99125484034098
s__Euzebya_pacifica	0.0931184331104664	0.220518773663971	0.678120347858108	0.99125484034098
s__Egibacter_rhizosphaerae	0.0874411901776962	0.419102820179048	0.837209472383889	0.99125484034098
s__Miltoncostaea_oceani	0.0113381751825344	0.443565645767568	0.979904804603797	0.99125484034098
s__Natronoglycomyces_albus	0.310806007286648	0.550727433443099	0.579882889081955	0.99125484034098
s__Catenulispora_acidiphila	-0.319962859782276	0.376496875687156	0.407222809571229	0.99125484034098
s__Frankia_sp._QA3	0.279757376166023	0.321414463229272	0.396209418561031	0.99125484034098
s__Jiangella_alkaliphila	-1.04330425443804	0.486042793755346	0.0465546355737875	0.99125484034098
s__Gardnerella_vaginalis	0.389585278144487	0.609172905022182	0.531001667175885	0.99125484034098
s__Bifidobacterium_pseudolongum	-0.168123301574109	0.454174237014981	0.715824726035945	0.99125484034098
s__Streptomonospora_sp._M2	0.0743303333931696	0.222915476189406	0.742874894764056	0.99125484034098
s__Nocardiopsis_dassonvillei	-0.146850606809085	0.22409718834323	0.521045131578267	0.99125484034098
s__Thermomonospora_amylolytica	0.0585200463388693	0.226267561084106	0.799024546625135	0.99125484034098
s__Actinomadura_sp._NAK00032	0.516000306713695	0.350631316857733	0.159390218301074	0.99125484034098
s__Thermobispora_bispora	0.379781576075278	0.258220098587367	0.159621560509213	0.99125484034098
s__Nonomuraea_sp._ATCC_55076	0.234161546758773	0.424982971129835	0.58880904755288	0.99125484034098
s__Streptosporangium_sp._caverna	-0.245666936074052	0.469156128105326	0.607291376596004	0.99125484034098
s__Actinopolymorpha_singaporensis	-1.01041015392503	0.529556989471566	0.0734232946392157	0.99125484034098
s__Nocardioides_sp._MC1495	-0.261316517848365	0.382671413644587	0.503886684241809	0.99125484034098
s__Auraticoccus_monumenti	0.0214499524003341	0.280118263501946	0.939855932940255	0.99125484034098
s__Microlunatus_sp._KUDC0627	0.0817717945984247	0.223743312036501	0.71926716758006	0.99125484034098
s__Acidipropionibacterium_acidipropionici	0.0687778224505266	0.223956353313151	0.762494496834788	0.99125484034098
s__Cutibacterium_acnes	0.131833170646294	0.704347686097081	0.853742546990402	0.99125484034098
s__Polymorphospora_rubra	0.0477685840267568	0.30417153044019	0.8770595574174	0.99125484034098
s__Phytohabitans_flavus	0.0255919643118949	0.236910527066542	0.915241569921885	0.99125484034098
s__Plantactinospora_sp._BB1	-0.182089406821008	0.236665232764113	0.452216513632597	0.99125484034098
s__Catellatospora_sp._IY07-71	0.788476408398518	0.322513059331697	0.0256839857521428	0.99125484034098
s__Micromonospora_echinofusca	-0.366250425380961	0.449711699094871	0.426671032625408	0.99125484034098
s__Actinoplanes_sp._N902-109	-0.196318035221996	0.390429408608074	0.621538331871331	0.99125484034098
s__Salinispora_tropica	0.325744178346693	0.408550131049963	0.436262127879012	0.99125484034098
s__Flaviflexus_salsibiostraticola	-0.664380657925933	0.421234438578582	0.13316984436855	0.99125484034098
s__Schaalia_odontolytica	-0.616105461683894	0.535194239054372	0.265592340543159	0.99125484034098
s__Actinomyces_oris	0.0678982272184876	0.324230780650077	0.836614605916163	0.99125484034098
s__Allokutzneria_albata	0.0737801652495989	0.234313880728393	0.7566866483178	0.99125484034098
s__Kibdelosporangium_phytohabitans	0.0931184331104664	0.220518773663971	0.678120347858108	0.99125484034098
s__Alloactinosynnema_sp._L-07	-0.0762481142532304	0.239827806476263	0.754411221458266	0.99125484034098
s__Lentzea_guizhouensis	0.0120969069954881	0.198535467172771	0.952124993270074	0.99125484034098
s__Actinosynnema_pretiosum	0.173238290786275	0.309265975048232	0.582677745377308	0.99125484034098
s__Saccharothrix_syringae	-0.0780005113515485	0.303663320147404	0.800365883957409	0.99125484034098
s__Saccharopolyspora_erythraea	-0.516413619041968	0.277086829350359	0.0797266297229251	0.99125484034098
s__Amycolatopsis_albispora	-0.690510075400731	0.414758535061427	0.114263623083437	0.99125484034098
s__Kutzneria_sp._CA-103260	-0.181974417588475	0.286924778825255	0.534377119322367	0.99125484034098
s__Pseudonocardia_sp._AL041005-10	-0.65554953011358	0.675660477180373	0.345532182512455	0.99125484034098
s__Dietzia_lutea	0.207611251363493	0.404852383026304	0.614685051365183	0.99125484034098
s__Corynebacterium_segmentosum	-0.673936437470987	0.541346361680165	0.230047611765944	0.99125484034098
s__Nocardia_cyriacigeorgica	0.747623766999761	0.667059179585467	0.277967024174355	0.99125484034098
s__Rhodococcus_globerulus	-0.840688565444799	0.504921174301959	0.114235085365353	0.99125484034098
s__Mycolicibacillus_koreensis	0.319378956623787	0.292272177025815	0.289749784737533	0.99125484034098
s__Mycobacteroides_abscessus	0.191676525795206	0.278522015038908	0.50061586206907	0.99125484034098
s__Mycolicibacter_minnesotensis	-0.336997770846014	0.266773511158374	0.223555493245663	0.99125484034098
s__Mycolicibacterium_aurum	-0.346451305379339	0.544964522917506	0.533416704843902	0.99125484034098
s__Mycobacterium_mantenii	0.169298365079154	0.478830798769089	0.728010751480965	0.99125484034098
s__Streptacidiphilus_sp._PB12-B1b	-0.0510240988944842	0.289437778600208	0.862151534646016	0.99125484034098
s__Kitasatospora_sp._NA04385	-0.316103669250386	0.478748663470052	0.51792740419517	0.99125484034098
s__Streptomyces_sp._Tu_2975	-0.105122031074386	0.206974159708494	0.618050389785996	0.99125484034098
s__Georgenia_faecalis	0.379781576075278	0.258220098587367	0.159621560509213	0.99125484034098
s__Xylanimonas_cellulosilytica	0.0666071259557364	0.236216135541277	0.781366345208116	0.99125484034098
s__Ornithinimicrobium_pratense	0.0931184331104664	0.220518773663971	0.678120347858108	0.99125484034098
s__Brachybacterium_faecium	0.352195635023004	0.254752388013452	0.184711724201839	0.99125484034098
s__Brevibacterium_sp._JNUCC-42	0.153985802035486	0.446084846663547	0.734182797442254	0.99125484034098
s__Arsenicicoccus_sp._oral_taxon_190	0.0407067611980287	0.231436548168452	0.86246059516869	0.99125484034098
s__Cellulomonas_flavigena	-0.15657996027586	0.30291743153436	0.611881097578249	0.99125484034098
s__Dermatophilus_congolensis	-0.00834389431337777	0.368749361823886	0.982210844775954	0.991506215546704
s__Rathayibacter_sp._VKM_Ac-2760	0.401292350603475	0.266907992946263	0.151063848446798	0.99125484034098
s__Humibacter_sp._WJ7-1	0.0287796370387696	0.276139974014937	0.918213540952853	0.99125484034098
s__Clavibacter_michiganensis	0.0666071259557364	0.236216135541277	0.781366345208116	0.99125484034098
s__Microcella_alkaliphila	0.0743303333931696	0.222915476189406	0.742874894764056	0.99125484034098
s__Microbacterium_caowuchunii	-0.00703353513584399	0.251795988403173	0.978040517359596	0.99125484034098
s__Curtobacterium_flaccumfaciens	-0.0165803393193952	0.683499222986566	0.980929269087428	0.99125484034098
s__Candidatus_Aquiluna_sp._UB-MaderosW2red	-0.37241843566421	0.310604969938895	0.246970715347901	0.99125484034098
s__Agromyces_sp._G127AT	-0.151193110294706	0.424410805632902	0.726041850022549	0.99125484034098
s__Leifsonia_xyli	-0.262971528893477	0.31011092352726	0.408223942280902	0.99125484034098
s__Microterricola_viridarii	0.360762575500762	0.371330096186632	0.34490025161218	0.99125484034098
s__Protaetiibacter_intestinalis	0.136979634605892	0.525631893985207	0.797531455508677	0.99125484034098
s__Rothia_mucilaginosa	0.296978227874597	0.747850136105766	0.696228172817446	0.99125484034098
s__Kocuria_varians	0.141552159932599	0.482880210476999	0.772962326162213	0.99125484034098
s__Micrococcus_luteus	-0.658479762751052	1.05448495996749	0.540618834239509	0.99125484034098
s__Arthrobacter_sp._KBS0702	0.0876035486864672	0.246064372306914	0.72620623623569	0.99125484034098
s__Ndongobacter_massiliensis	0.0599143539206052	0.238195130710074	0.804416151285679	0.99125484034098
s__endosymbiont_TC1_of_Trimyema_compressum	0.223888875952388	0.17887002162164	0.227634409013493	0.99125484034098
s__Turicibacter_sp._H121	-0.212574792802019	0.24726624629969	0.40191558464927	0.99125484034098
s__Intestinibaculum_porci	0.0743303333931696	0.222915476189406	0.742874894764056	0.99125484034098
s__Erysipelothrix_rhusiopathiae	0.454390106918529	0.215621565034753	0.05023953887235	0.99125484034098
s__Longicatena_caecimuris	-0.111435978581957	0.272247827847281	0.687417130625587	0.99125484034098
s__Amedibacterium_intestinale	0.613207772959857	0.309036051346317	0.063611445734113	0.99125484034098
s__Faecalibacillus_intestinalis	0.11219021221076	0.408647685454675	0.786977915848556	0.99125484034098
s__[Clostridium]_innocuum	-0.447209340067431	0.470716212905819	0.355393364337459	0.99125484034098
s__Phascolarctobacterium_faecium	0.34039724650464	0.424820400409041	0.434030652091504	0.99125484034098
s__Dialister_pneumosintes	-0.0726062230941195	0.202228803027215	0.723993014615924	0.99125484034098
s__Veillonella_parvula	-0.905528213074356	0.584374906540397	0.139660538940547	0.99125484034098
s__Pectinatus_frisingensis	0.368351130164092	0.221449269539432	0.114563344885646	0.99125484034098
s__Selenomonas_sp._oral_taxon_136	-0.096350631110816	0.215364127645198	0.660245306756953	0.99125484034098
s__Megamonas_funiformis	0.0897120386339972	0.347810548201177	0.799554663878306	0.99125484034098
s__Methylomusa_anaerophila	0.0864557396192472	0.221167636677972	0.700722364756481	0.99125484034098
s__Pelosinus_sp._UFO1	-0.162918281609302	0.390479082895431	0.681734138023773	0.99125484034098
s__Ezakiella_massiliensis	-0.311733684311805	0.269328876541377	0.263094600945343	0.99125484034098
s__Sedimentibacter_sp._zth1	0.110894280517864	0.245850965538026	0.657644707834028	0.99125484034098
s__Gottschalkia_acidurici	-0.0370340752576695	0.556797507120059	0.947745662033945	0.99125484034098
s__Helcococcus_kunzii	0.064533052202741	0.195542953532997	0.745416915956115	0.99125484034098
s__Peptoniphilus_harei	0.325844608354451	0.252241059006189	0.21371390192234	0.99125484034098
s__Finegoldia_magna	-0.425360920031794	0.356840231963948	0.249628129569175	0.99125484034098
s__Parvimonas_micra	0.0942840278135453	0.302870620472737	0.759356575906193	0.99125484034098
s__Anaerococcus_prevotii	-0.153325376934429	0.452146134485894	0.738682873573374	0.99125484034098
s__Schnuerera_ultunensis	-0.00372811544974912	0.313184149126466	0.990640863844548	0.997306746223707
s__Tissierellia_sp._JN-28	0.204498162420648	0.330618274510357	0.54442369444386	0.99125484034098
s__Keratinibaculum_paraultunense	-0.872863180031048	1.20041590327588	0.477038842057461	0.99125484034098
s__Koleobacter_methoxysyntrophicus	0.0931184331104664	0.220518773663971	0.678120347858108	0.99125484034098
s__Biomaibacter_acetigenes	0.206036724453418	0.229061672675433	0.380961054393186	0.99125484034098
s__Tepidanaerobacter_acetatoxydans	0.240338584250611	0.174823931508252	0.187060907642893	0.99125484034098
s__Natranaerobius_thermophilus	0.475263616390365	0.192025770463828	0.024150844245281	0.99125484034098
s__Anoxybacter_fermentans	0.188809210475628	0.259214619259376	0.476289856873285	0.99125484034098
s__Halothermothrix_orenii	0.279997433062626	0.229564672468931	0.239234891175048	0.99125484034098
s__Halanaerobium_praevalens	0.556149291601208	0.412841513774049	0.195623461697393	0.99125484034098
s__Halocella_sp._SP3-1	0.0347105272542272	0.294395232641329	0.907525204950484	0.99125484034098
s__Acetohalobium_arabaticum	-0.309955942490399	0.247179337109795	0.226822185284693	0.99125484034098
s__Halobacteroides_halobius	0.0236210260257691	0.238838801105858	0.922374941130679	0.99125484034098
s__Mahella_australiensis	0.368351130164092	0.221449269539432	0.114563344885646	0.99125484034098
s__Ammonifex_degensii	0.424610545757067	0.275011247860957	0.141004740482191	0.99125484034098
s__Caldanaerobacter_subterraneus	0.0181817316317126	0.254656275372851	0.943914912136736	0.99125484034098
s__Thermoanaerobacter_italicus	0.419820691850691	0.389931579753908	0.296678017504222	0.99125484034098
s__Carboxydothermus_hydrogenoformans	-0.075553611848928	0.379849108705985	0.844697084200735	0.99125484034098
s__Thermodesulfobium_narugense	0.0653373004974274	0.23357154556871	0.783058619700253	0.99125484034098
s__Caldicellulosiruptor_owensensis	-0.0105318065318216	0.588301659859613	0.985925425195163	0.994210512801845
s__Thermoanaerobacterium_thermosaccharolyticum	-0.0804678350863538	0.517870142334042	0.878350017306894	0.99125484034098
s__Thermaerobacter_marianensis	0.0366893595459063	0.272029274642237	0.894296436052773	0.99125484034098
s__Fenollaria_sp._EMRHCC_24	0.384068250600606	0.224561957023809	0.105396656894126	0.99125484034098
s__Alkalicella_caledoniensis	-0.12339823703151	0.214355091852981	0.57237922378442	0.99125484034098
s__Christensenella_sp._Marseille-P3954	-0.528028404949099	0.492594476536136	0.298732335543465	0.99125484034098
s__Candidatus_Formimonas_warabiya	0.253039252074069	0.197231693627191	0.216724179913914	0.99125484034098
s__Desulfitobacterium_dichloroeliminans	0.261470292573073	0.201879937371098	0.212572590395348	0.99125484034098
s__Thermoanaerosceptrum_fracticalcis	0.0635174645557452	0.225079284280467	0.781196677182315	0.99125484034098
s__Desulfofarcimen_acetoxidans	0.504559604395321	0.253703274532707	0.0630686190141478	0.99125484034098
s__Desulfosporosinus_orientis	0.33672866342798	0.218921599862295	0.142422714184665	0.99125484034098
s__Desulfotomaculum_reducens	-0.114134803086834	0.212420277276677	0.598019296753495	0.99125484034098
s__Desulfallas_gibsoniae	-0.140554081454369	0.221320174263524	0.533837189177091	0.99125484034098
s__Caloranaerobacter_azorensis	1.00784014716453	0.669186310945305	0.150404934242583	0.99125484034098
s__Eubacterium_sp._NSJ-61	0.476466948776866	0.355976954923754	0.198367997328684	0.99125484034098
s__Acetobacterium_woodii	0.212484480026843	0.339123450621142	0.539264887515927	0.99125484034098
s__Candidatus_Syntrophocurvum_alkaliphilum	0.0804913190954405	0.258942893574137	0.759696875113194	0.99125484034098
s__Aminipila_terrae	-0.00934334802772485	0.244041587032737	0.969905758200581	0.99125484034098
s__Mogibacterium_diversum	0.0299577616345781	0.284931113020367	0.917495024593306	0.99125484034098
s__Petrocella_atlantisensis	0.391164778335854	0.226273428749929	0.101974935477709	0.99125484034098
s__Vallitalea_pronyensis	-0.321801113852578	0.288863815579511	0.280772313434065	0.99125484034098
s__Dysosmobacter_sp._Marseille-Q4140	0.452478216483551	0.289380084409607	0.136331796902575	0.99125484034098
s__Oscillibacter_sp._MM50	0.0743303333931696	0.222915476189406	0.742874894764056	0.99125484034098
s__Fastidiosipila_sanguinis	0.443122572399936	0.232732952561437	0.0739781975213887	0.99125484034098
s__Monoglobus_pectinilyticus	0.222553170521143	0.268171985582202	0.418103155122224	0.99125484034098
s__Thermoclostridium_stercorarium	0.153130120424375	0.361868084118229	0.67747934544809	0.99125484034098
s__Ruminococcus_sp._JE7A12	-0.550234435645942	0.340879328385236	0.124898999432429	0.99125484034098
s__Pseudoclostridium_thermosuccinogenes	-0.0330238950666066	0.279542924677678	0.907345062907716	0.99125484034098
s__Ruminiclostridium_herbifermentans	0.0700053996815065	0.394116185686181	0.861115765980219	0.99125484034098
s__Acetivibrio_saccincola	0.135765591930461	0.415556150923292	0.74787665702937	0.99125484034098
s__Faecalibacterium_prausnitzii	0.195091920228653	0.456181866703358	0.67426502064524	0.99125484034098
s__Faecalicatena_sp._Marseille-Q4148	0.465127207361055	0.288920855564709	0.125835388339522	0.99125484034098
s__Pseudobutyrivibrio_xylanivorans	-0.390583029352908	0.451230983853949	0.398763918229513	0.99125484034098
s__Lacrimispora_saccharolytica	0.25792140826325	0.225569569742126	0.268709910647188	0.99125484034098
s__Enterocloster_bolteae	0.0424778961889529	0.225616838249743	0.852890633809065	0.99125484034098
s__Coprococcus_sp._ART55/1	-0.281352523383027	0.253158959610989	0.28188175957361	0.99125484034098
s__Anaerobutyricum_hallii	-0.0836855033398609	0.257632309608156	0.749276387602417	0.99125484034098
s__Herbinix_luporum	0.220067768819697	0.267897117057134	0.422753563796337	0.99125484034098
s__Butyrivibrio_fibrisolvens	0.0170258364165586	0.244331977410237	0.945258939552686	0.99125484034098
s__Anaerostipes_hadrus	0.295400543354833	0.363766604769581	0.427982104408861	0.99125484034098
s__Anaerocolumna_cellulosilytica	-0.0763423842049516	0.396452422491359	0.84958225246932	0.99125484034098
s__[Ruminococcus]_torques	0.845695995463367	0.459512994526604	0.0832313555274243	0.99125484034098
s__Roseburia_hominis	-0.0745986566136876	0.398300113744873	0.853648392187642	0.99125484034098
s__Lachnoclostridium_phytofermentans	0.256740337821121	0.433865987395352	0.561805458163575	0.99125484034098
s__Cellulosilyticum_lentocellum	-0.197497251245203	0.448331972843071	0.665113890797041	0.99125484034098
s__Blautia_producta	0.140600647489196	0.54977575527609	0.801218938015324	0.99125484034098
s__Lachnoanaerobaculum_umeaense	-0.193971648902115	0.524811162827348	0.716242296689214	0.99125484034098
s__Peptoclostridium_acidaminophilum	0.0931184331104664	0.220518773663971	0.678120347858108	0.99125484034098
s__Acetoanaerobium_sticklandii	0.0750828309552763	0.233394069832145	0.75160194094633	0.99125484034098
s__Filifactor_alocis	0.287591264923746	0.229586006032581	0.22729079822999	0.99125484034098
s__Paraclostridium_bifermentans	-0.0544299745212564	0.331432657003221	0.871489746845778	0.99125484034098
s__Peptacetobacter_hiranonis	-0.0658639427238377	0.370285843558827	0.860924828322511	0.99125484034098
s__Paeniclostridium_sordellii	-0.180333325993444	0.592870190325955	0.764690090930361	0.99125484034098
s__Clostridioides_difficile	0.0151899788558504	0.290539058665079	0.958913395514452	0.99125484034098
s__Romboutsia_sp._CE17	0.459036320700337	0.436163523065976	0.307327673459413	0.99125484034098
s__Caloramator_sp._E03	-0.00244307646058158	0.266318204424463	0.992787483799105	0.99798532402842
s__Geosporobacter_ferrireducens	-0.245335794299166	0.321664250657384	0.456091396582254	0.99125484034098
s__Hungatella_hathewayi	0.243064386753495	0.328418984135073	0.469335285883834	0.99125484034098
s__Candidatus_Arthromitus_sp._SFB-rat-Yit	-0.261798701239967	0.384130612081436	0.504712148866713	0.99125484034098
s__Sarcina_sp._JB2	-0.124004052263977	0.325697932719311	0.708116914433284	0.99125484034098
s__Hathewaya_histolytica	0.0810893622642402	0.412066083442323	0.846327461999809	0.99125484034098
s__Crassaminicella_sp._SY095	-0.0733697091178809	0.474085220776612	0.878832624347898	0.99125484034098
s__Alkaliphilus_sp._B6464	-0.0522297005039183	0.528907584916224	0.922491726149303	0.99125484034098
s__Serpentinicella_alkaliphila	-0.705330037562126	0.742626577861345	0.355533530126856	0.99125484034098
s__Clostridium_botulinum	-0.0394503489593928	0.401776099247603	0.92292997183996	0.99125484034098
s__Suicoccus_acidiformans	0.165344922700875	0.622351579154393	0.793682525933652	0.99125484034098
s__Aerococcus_christensenii	0.116657819392535	0.242792366290645	0.637008227624742	0.99125484034098
s__Marinilactibacillus_sp._15R	0.0214499524003341	0.280118263501946	0.939855932940255	0.99125484034098
s__Carnobacterium_maltaromaticum	0.31821557630882	0.36616242099869	0.396920756692562	0.99125484034098
s__Dolosigranulum_pigrum	0.287952502138369	0.318081933825541	0.377969939000758	0.99125484034098
s__Jeotgalibaca_porci	-0.290170213431637	0.635818023860468	0.653898375855148	0.99125484034098
s__Tetragenococcus_osmophilus	0.467185585556371	0.24334887949405	0.0718225587858895	0.99125484034098
s__Vagococcus_carniphilus	0.0840064067463712	0.340911093302961	0.808310009345167	0.99125484034098
s__Melissococcus_plutonius	0.044735118321393	0.258573621714817	0.864688874794588	0.99125484034098
s__Enterococcus_faecium	-0.0164017389304459	0.333122501614251	0.961304789036013	0.99125484034098
s__Apilactobacillus_bombintestini	0.368351130164092	0.221449269539432	0.114563344885646	0.99125484034098
s__Oenococcus_oeni	0.0743303333931696	0.222915476189406	0.742874894764056	0.99125484034098
s__Levilactobacillus_brevis	0.285065994870556	0.244279883812966	0.259333740838811	0.99125484034098
s__Loigolactobacillus_coryniformis	0.238655545626341	0.238989500230419	0.331990051621589	0.99125484034098
s__Liquorilactobacillus_hordei	0.120775786112406	0.215802587303479	0.58301185040537	0.99125484034098
s__Lentilactobacillus_hilgardii	0.0221450701141435	0.23829132575183	0.927043418988392	0.99125484034098
s__Fructilactobacillus_sanfranciscensis	0.105914082388729	0.349411551522366	0.765475450377664	0.99125484034098
s__Paucilactobacillus_oligofermentans	-0.592448649380274	0.394737609191834	0.151734475394001	0.99125484034098
s__Lacticaseibacillus_rhamnosus	-0.0859710250968761	0.262480453090871	0.747263711167553	0.99125484034098
s__Leuconostoc_mesenteroides	0.24714599711488	0.351034899034157	0.490934291504047	0.99125484034098
s__Companilactobacillus_alimentarius	-0.29969699019064	0.257946377889899	0.261346483894836	0.99125484034098
s__Weissella_soli	-0.397751733482316	0.296413958000271	0.197284662991461	0.99125484034098
s__Ligilactobacillus_salivarius	-0.27774720631833	0.316669861887595	0.392665490265946	0.99125484034098
s__Pediococcus_pentosaceus	-0.224556860023018	0.369135651246425	0.551009722153191	0.99125484034098
s__Lactiplantibacillus_plantarum	-0.252001418686442	0.409601590579385	0.546547711065915	0.99125484034098
s__Latilactobacillus_sakei	-0.102699334931689	0.506724253423526	0.841796436558233	0.99125484034098
s__Lactobacillus_kullabergensis	-0.112325953826831	0.268995503717023	0.681483851789178	0.99125484034098
s__Limosilactobacillus_fermentum	-0.00977564231447428	0.29856383096305	0.974261513865351	0.99125484034098
s__Streptococcus_pneumoniae	-0.0467560113031803	0.323375762233224	0.886737071396562	0.99125484034098
s__Lactococcus_cremoris	2.07473596429426	1.00480722109423	0.054540669185994	0.99125484034098
s__Polycladomyces_abyssicola	0.0743303333931696	0.222915476189406	0.742874894764056	0.99125484034098
s__Staphylospora_marina	0.232684444040011	0.204711981715539	0.271456720951718	0.99125484034098
s__Exiguobacterium_alkaliphilum	0.280822238656185	0.251950165893044	0.280534374972511	0.99125484034098
s__Exiguobacterium_sp._Helios	0.0687778224505266	0.223956353313151	0.762494496834788	0.99125484034098
s__Alicyclobacillus_ferrooxydans	-0.151603402106354	0.374805270966757	0.690899170868466	0.99125484034098
s__Brochothrix_thermosphacta	-0.0688105902114681	0.262157327934399	0.796107077294062	0.99125484034098
s__Listeria_monocytogenes	0.253388921244966	0.56514605565229	0.659555318527734	0.99125484034098
s__Ureibacillus_thermophilus	0.429385691613047	0.237255744383341	0.0880415266558798	0.99125484034098
s__Solibacillus_silvestris	0.0505097361993433	0.248647910846022	0.8414390411603	0.99125484034098
s__Paenisporosarcina_antarctica	-0.271901367846393	0.214209337800148	0.221428002638297	0.99125484034098
s__Jeotgalibacillus_malaysiensis	0.0743303333931696	0.222915476189406	0.742874894764056	0.99125484034098
s__Kurthia_zopfii	0.211455026913488	0.207198992661435	0.321776620699179	0.99125484034098
s__Planococcus_versutus	-0.249982709628563	0.264226282555669	0.357355660003251	0.99125484034098
s__Rummeliibacillus_stabekisii	-0.088782890393366	0.217750487093879	0.688562412790083	0.99125484034098
s__Planomicrobium_glaciei	-0.075770888977219	0.262815036003582	0.776598881581031	0.99125484034098
s__Viridibacillus_sp._JNUCC-6	0.0523424680150592	0.275016349139303	0.851308755216501	0.99125484034098
s__Sporosarcina_ureae	-0.223840068775816	0.413332415050694	0.595155674252523	0.99125484034098
s__Gemella_sanguinis	0.222855509544941	0.237688228766928	0.36158262778891	0.99125484034098
s__Gemella_morbillorum	0.0661681002703428	0.359868930292867	0.856292947578595	0.99125484034098
s__Gemella_haemolysans	0.123593337322214	0.473910409608441	0.797383697243167	0.99125484034098
s__Gemella_sp._zg-570	0.0519634644331239	0.307549109441585	0.867822270381693	0.99125484034098
s__Aneurinibacillus_sp._XH2	-0.0571224717051307	0.265123324211559	0.831975396335741	0.99125484034098
s__Saccharibacillus_brassicae	-0.154120446579905	0.459733899569438	0.74154656995013	0.99125484034098
s__Brevibacillus_laterosporus	-0.250046054109845	0.532206408572977	0.644447528145733	0.99125484034098
s__Cohnella_abietis	-0.325960771131278	0.33179754209381	0.339674369850985	0.99125484034098
s__Paenibacillus_yonginensis	-0.370059662207458	0.209282228228819	0.0949621698535687	0.99125484034098
s__Parageobacillus_toebii	0.720394546481779	0.817776513070279	0.390646462385616	0.99125484034098
s__Sediminibacillus_sp._DP4-553-S	0.259701945565288	0.196503809112171	0.203807916113471	0.99125484034098
s__Salimicrobium_jeotgali	0.0864557396192472	0.221167636677972	0.700722364756481	0.99125484034098
s__Radiobacillus_deserti	0.0802093671366824	0.221977320549012	0.722296691682162	0.99125484034098
s__Paraliobacillus_zengyii	0.0847065303387013	0.314354590707165	0.790817773955371	0.99125484034098
s__Aeribacillus_pallidus	-0.206327411352434	0.372655379691063	0.58701512990173	0.99125484034098
s__Pradoshia_sp._D12	-0.0912521731911992	0.206280435585504	0.663798420399554	0.99125484034098
s__Anaerobacillus_isosaccharinicus	-0.133002814412542	0.21720710645585	0.54842197901562	0.99125484034098
s__Bacillus_cohnii	-0.135840454930115	0.251547765980536	0.596188265536848	0.99125484034098
s__Metabacillus_sp._KUDC1714	-0.238701041729331	0.353228943778351	0.508276836925019	0.99125484034098
s__Anoxybacillus_caldiproteolyticus	0.39177213662275	0.275041330140406	0.172425854446107	0.99125484034098
s__Halobacillus_litoralis	-0.24378775892071	0.270526521495623	0.380093081644691	0.99125484034098
s__Alkalihalobacillus_krulwichiae	0.192271462395348	0.362312937470923	0.60250638054333	0.99125484034098
s__Rossellomorea_vietnamensis	-0.639496261569171	0.411493947805657	0.138582614636857	0.99125484034098
s__Pontibacillus_sp._ALD_SL1	-0.179548211704372	0.377781973765868	0.640644125041493	0.99125484034098
s__Lederbergia_lentus	-0.707820652730048	0.366912893217532	0.0705809882176545	0.99125484034098
s__Mesobacillus_foraminis	-0.461184455758377	0.289471747447886	0.129538866537138	0.99125484034098
s__Neobacillus_cucumis	-0.199022546289586	0.297757132087091	0.512848893306074	0.99125484034098
s__Weizmannia_coagulans	0.28863786103369	0.242492176471121	0.250286577216721	0.99125484034098
s__Lentibacillus_sp._CBA3610	-0.237697033001395	0.287637148509674	0.42003727174614	0.99125484034098
s__Fictibacillus_arsenicus	-0.239748486048675	0.387570800907197	0.54438495332504	0.99125484034098
s__Heyndrickxia_oleronia	-0.247998589289703	0.311721586592062	0.437246127570627	0.99125484034098
s__Psychrobacillus_glaciei	-0.631452397123348	0.262291686752729	0.0277059983518093	0.99125484034098
s__Caldibacillus_thermoamylovorans	-0.0430398540247011	0.345326827116857	0.902274337145752	0.99125484034098
s__Niallia_circulans	-0.111444841452015	0.377679451429833	0.77150775234255	0.99125484034098
s__Gracilibacillus_sp._SCU50	0.37274537168403	0.443449566324728	0.412262126873693	0.99125484034098
s__Evansella_cellulosilytica	-0.0576515878648091	0.377113276016711	0.880295901532699	0.99125484034098
s__Oceanobacillus_kimchii	-0.619280323209496	0.53189788015261	0.260388681569818	0.99125484034098
s__Cytobacillus_oceanisediminis	-0.00374564301277884	0.571067896498118	0.994843056346591	0.999005579594903
s__Peribacillus_simplex	0.0212128604952352	0.508509504066308	0.967211325654356	0.99125484034098
s__Lysinibacillus_sphaericus	-0.677653811820933	0.578237753299098	0.257388299793839	0.99125484034098
s__Virgibacillus_necropolis	0.423598623643958	0.581971293673535	0.476600525768448	0.99125484034098
s__Priestia_megaterium	0.000142035765965246	0.227224639346539	0.999508527399585	0.999508527399585
s__Amphibacillus_xylanus	-0.164119157823953	0.326459252070313	0.621607971210093	0.99125484034098
s__Bacillus_thuringiensis	-0.0316486040443755	0.242910459151825	0.897866939018939	0.99125484034098
s__Abyssicoccus_albus	0.0536415530457666	0.240224402110623	0.82596500024314	0.99125484034098
s__Nosocomiicoccus_ampullae	0.0758089579898453	0.194360941772917	0.701349068342979	0.99125484034098
s__Jeotgalicoccus_sp._WY2	-0.316765712395133	0.299101845112859	0.304390703781807	0.99125484034098
s__Macrococcus_canis	0.104001224878359	0.53326259506943	0.847682764376174	0.99125484034098
s__Mammaliicoccus_lentus	-0.638017784016483	0.642084553746864	0.334319352246389	0.99125484034098
s__Staphylococcus_aureus	-0.0945963129883836	0.326280238684266	0.775381289402417	0.99125484034098
s__Candidatus_Nanosynbacter_lyticus	0.0772976820235861	0.307321816098654	0.804427126566755	0.99125484034098
s__Nibribacter_ruber	0.345878900857476	0.30372645201257	0.270586958725077	0.99125484034098
s__Denitratisoma_oestradiolicum	0.439497377614419	0.346530594213584	0.221792548874323	0.99125484034098
s__Orrella_dioscoreae	-0.0264370223967805	0.371309945150663	0.944070020328344	0.99125484034098
s__Sodalis_sp._dw_23	-0.0683011046115164	0.414347524575877	0.871014016514825	0.99125484034098
s__Phytobacter_ursingii	-0.20377283108604	0.451485827334066	0.657450287868886	0.99125484034098
s__Fannyhessea_vaginae	0.396582712966584	0.317739235593657	0.228898066731767	0.99125484034098
s__Gordonia_sp._YC-JH1	0.467173132547477	0.3644043617031	0.217044639928655	0.99125484034098
s__Lawsonella_clevelandensis	0.258162617625686	0.504635726002983	0.615524302541479	0.99125484034098
s__Janibacter_indicus	-0.245284681217723	0.666387978426505	0.717356017457351	0.99125484034098
s__Thermanaeromonas_toyohensis	0.339142831766762	0.299766217967853	0.273612506945653	0.99125484034098
s__Exiguobacterium_sp._PFWT01	0.418850486043052	0.33171920849292	0.223755342835864	0.99125484034098
s__Exiguobacterium_sp._AT1b	0.431548650619543	0.3400178602979	0.221473739467637	0.99125484034098
s__Geobacillus_sp._WCH70	0.585448355763797	0.64794498821692	0.378861736203598	0.99125484034098
