Representative_ASV	Beta	SE	P	FDR_BH
s__Caldisericum_exile	0.065522075293395	0.238108259171029	0.786496309825081	0.953323892672471
s__Candidatus_Endomicrobium_trichonymphae	-0.41598512104378	0.249066086388973	0.113191420103977	0.846988012381382
s__Elusimicrobium_minutum	0.028628653971327	0.221563487768603	0.898706377988111	0.953323892672471
s__Aminobacterium_colombiense	-0.253735683203026	0.204349296877929	0.231215218003913	0.940037988345858
s__Thermodesulfovibrio_yellowstonii	0.252542701846048	0.203455123035382	0.231361576545608	0.940037988345858
s__Dissulfurispira_thermophila	0.0400463277212838	0.413212302550925	0.923927575701623	0.962007020253317
s__Thermodesulfobacterium_geofontis	0.152544159569469	0.208276569384846	0.473895294333341	0.953323892672471
s__Thermodesulfatator_indicus	0.117394987123834	0.191918362070508	0.548835208382756	0.953323892672471
s__Candidatus_Chazhemtobacterium_aquaticus	0.493607730951199	0.312863992059701	0.133058545869505	0.888605702074839
s__Candidatus_Babela_massiliensis	0.279857278267632	0.251845003440632	0.281939816852685	0.940037988345858
s__Candidatus_Saccharimonas_aalborgensis	0.0642042870500183	0.20521401574311	0.758188752039609	0.953323892672471
s__Kiritimatiella_glycovorans	0.028628653971327	0.221563487768603	0.898706377988111	0.953323892672471
s__Fibrobacter_succinogenes	0.0556737769268157	0.224170423436417	0.80683525783941	0.953323892672471
s__Melioribacter_roseus	0.0580856619210267	0.236348400713639	0.808808376559565	0.953323892672471
s__Ignavibacterium_album	-0.138707180703319	0.227114821175868	0.549453548056755	0.953323892672471
s__Atribacter_laminatus	-0.438125287670896	0.331453032345246	0.203736387943893	0.940037988345858
s__Geovibrio_thiophilus	-0.246636436008571	0.264004616881514	0.363275113732948	0.953323892672471
s__Calditerrivibrio_nitroreducens	0.0724918540432156	0.239933118694558	0.766215371217501	0.953323892672471
s__Flexistipes_sinusarabici	0.00891366705129408	0.239448627761952	0.970738612895624	0.984064486145511
s__Deferribacter_desulfuricans	0.121135440930709	0.364330600343396	0.74358573935418	0.953323892672471
s__Thermotomaculum_hydrothermale	-0.0482381519350353	0.19282252877298	0.805455112708712	0.953323892672471
s__Granulicella_tundricola	0.0191185531550009	0.365629642832452	0.958907631598538	0.97619440756585
s__Candidatus_Solibacter_usitatus	0.130526018817052	0.212157995503108	0.546551057445041	0.953323892672471
s__Dictyoglomus_thermophilum	-0.427986312309396	0.475863611872835	0.381009089703935	0.953323892672471
s__Persephonella_marina	-0.453048500343914	0.210402754184379	0.0459483407002306	0.575194987934377
s__Sulfurihydrogenibium_sp._YO3AOP1	-0.00265945274677448	0.444880439551953	0.995299941383442	0.998420003895615
s__Hydrogenobacter_thermophilus	0.0429720606088647	0.222584256199167	0.849199905700241	0.953323892672471
s__Hydrogenobaculum_sp._Y04AAS1	0.356112098839098	0.232515806289992	0.14402763462365	0.888605702074839
s__Aquifex_aeolicus	-0.902267057098142	0.279673674518686	0.00496039927331855	0.317465553492387
s__Chlamydia_gallinacea	0.276880800621998	0.332806791355344	0.416967450656926	0.953323892672471
s__Candidatus_Protochlamydia_naegleriophila	0.0316429450046173	0.220115999628848	0.887383664958922	0.953323892672471
s__Neochlamydia_sp._S13	0.0615186190321282	0.225111940706042	0.787930135809796	0.953323892672471
s__Simkania_negevensis	0.342041604178519	0.315078296524086	0.292821142054549	0.940037988345858
s__Humisphaera_borealis	0.0839904243365421	0.237615456653898	0.728080016271557	0.953323892672471
s__Candidatus_Kuenenia_stuttgartiensis	-0.0257796248641248	0.195640294434272	0.896712770637259	0.953323892672471
s__Paludisphaera_borealis	0.264577567184042	0.264301260729654	0.330841617265516	0.953323892672471
s__Isosphaera_pallida	0.161460022556083	0.270615398119096	0.558610186586772	0.953323892672471
s__Aquisphaera_giovannonii	-0.153149461069115	0.246906955139619	0.543304952148771	0.953323892672471
s__Crateriforma_conspicua	-0.257880881503031	0.234932168595258	0.287648166526934	0.940037988345858
s__Gimesia_alba	-0.438417310462176	0.597195706262257	0.472876339688758	0.953323892672471
s__Pirellulimonas_nuda	0.065522075293395	0.238108259171029	0.786496309825081	0.953323892672471
s__Botrimarina_mediterranea	-0.0803617997737227	0.390472353412349	0.839386404391108	0.953323892672471
s__Stieleria_neptunia	0.049504320323879	0.223320737775798	0.827208917103728	0.953323892672471
s__Rubripirellula_lacrimiformis	0.049504320323879	0.223320737775798	0.827208917103728	0.953323892672471
s__Pirellula_sp._SH-Sr6A	0.145896835950879	0.225714003996252	0.526664669350544	0.953323892672471
s__Lignipirellula_cremea	-0.15871482466933	0.402399223816446	0.698174138660596	0.953323892672471
s__Aureliella_helgolandensis	0.0868638449851466	0.230687030401111	0.711170864874552	0.953323892672471
s__Roseimaritima_ulvae	-0.56629792530697	0.294206022108223	0.071150907320122	0.704173928116672
s__Tuwongella_immobilis	0.161460022556083	0.270615398119096	0.558610186586772	0.953323892672471
s__Limnoglobus_roseus	0.176050421073494	0.455380499625584	0.703848143294548	0.953323892672471
s__Gemmata_massiliana	0.0581271383526336	0.464400020245072	0.901860299348176	0.95475078847225
s__Urbifossiella_limnaea	0.376898345242765	0.529479263008605	0.486225624052429	0.953323892672471
s__Ereboglobus_luteus	-0.28638091056237	0.244763659494005	0.258131134979855	0.940037988345858
s__Luteolibacter_sp._32A	-0.140509506339499	0.210719081027123	0.513843027698444	0.953323892672471
s__Verrucomicrobium_spinosum	-0.0267619553140594	0.245650403751611	0.914523104127649	0.958422788601914
s__Roseimicrobium_sp._ORNL1	-0.850415778875678	0.33277087648234	0.0204742001164024	0.434913968911772
s__Akkermansia_muciniphila	0.238739609397604	0.358337285479266	0.51419638445321	0.953323892672471
s__Methylacidiphilum_kamchatkense	-0.499787452417234	0.219794613371358	0.0362238583884321	0.519028418699922
s__Leptospira_interrogans	1.11110469969636	0.499427374835707	0.0399280349137829	0.545537050720151
s__Brachyspira_murdochii	-0.100935508473815	0.450682186522036	0.825456613004207	0.953323892672471
s__Sphaerochaeta_pleomorpha	-0.0579479567869188	0.228140338954993	0.802541181234203	0.953323892672471
s__Thiospirochaeta_perfilievii	-0.130630017081855	0.362584129138207	0.723078711034898	0.953323892672471
s__Spirochaeta_thermophila	0.0682961645903295	0.452567839331126	0.88182439719439	0.953323892672471
s__Treponema_ruminis	-0.413142886695133	0.142371568815335	0.00992329907715066	0.372213781863023
s__Borreliella_burgdorferi	-0.551015511660819	0.20699534521071	0.0164266406976836	0.40435114018632
s__Borrelia_crocidurae	-0.643718121111604	0.17708245395251	0.00204671474412453	0.317465553492387
s__Sneathia_vaginalis	0.258956100884496	0.20255006430243	0.218259899283633	0.940037988345858
s__Sebaldella_termitidis	0.240870034903678	0.296589015968179	0.427941136266349	0.953323892672471
s__Pseudoleptotrichia_goodfellowii	0.225317428549953	0.250170709562473	0.380354329114627	0.953323892672471
s__Streptobacillus_moniliformis	0.229209179047769	0.289277528926875	0.439074267275747	0.953323892672471
s__Leptotrichia_buccalis	0.540706757459093	0.75366486475865	0.482847359641527	0.953323892672471
s__Ilyobacter_polytropus	0.0984355016240406	0.222211882108305	0.663365201411358	0.953323892672471
s__Fusobacterium_ulcerans	-0.676577509120894	0.512818086634925	0.204552512016719	0.940037988345858
s__Defluviitoga_tunisiensis	0.18757202216394	0.243488032027497	0.451663403308303	0.953323892672471
s__Petrotoga_mobilis	0.255170130132305	0.213461935445798	0.248344581173425	0.940037988345858
s__Tepiditoga_spiralis	-0.721672947564274	0.254122668460385	0.0113138747396202	0.372213781863023
s__Fervidobacterium_nodosum	-0.275934331659596	0.24076915571516	0.267649760506199	0.940037988345858
s__Thermosipho_melanesiensis	0.123662167168744	0.255738722831053	0.634875548528652	0.953323892672471
s__Thermotoga_profunda	-0.735840131045672	0.350652493092287	0.0511091649931812	0.605738251771036
s__Gemmatirosa_kalamazoonesis	-0.129877785092869	0.478400612838399	0.789288566044602	0.953323892672471
s__Candidatus_Cloacimonas_acidaminovorans	0.18288094569008	0.356778100085793	0.614833740635347	0.953323892672471
s__Chlorobaculum_limnaeum	0.427180453136398	0.255992925118136	0.113484171756675	0.846988012381382
s__Chlorobium_phaeobacteroides	0.263752587557554	0.352568763584669	0.464631006176956	0.953323892672471
s__Prosthecochloris_sp._HL-130-GSB	-0.397228960591199	0.4869755634661	0.425950187582599	0.953323892672471
s__Salinibacter_ruber	0.0928613926941425	0.242171018077437	0.706136404843326	0.953323892672471
s__Haliscomenobacter_hydrossis	0.168047544203246	0.417834204548522	0.692558000748171	0.953323892672471
s__Paraflavitalea_soli	-0.243735473110169	0.231358115190084	0.306856680656047	0.940037988345858
s__Niabella_ginsenosidivorans	-0.257880881503031	0.234932168595258	0.287648166526934	0.940037988345858
s__Phnomibacter_ginsenosidimutans	-0.18578754468427	0.348060241535735	0.600404527863961	0.953323892672471
s__Filimonas_lacunae	-0.0843882986065759	0.212383272607532	0.69606148455031	0.953323892672471
s__Pseudobacter_ginsenosidimutans	-0.103011645628151	0.225539109796758	0.653643234138866	0.953323892672471
s__Pseudocnuella_soli	-0.511345179232768	0.571014764084096	0.383023458190991	0.953323892672471
s__Niastella_koreensis	0.855672600218256	0.269908102258981	0.00559440540778866	0.33566432446732
s__Panacibacter_ginsenosidivorans	-0.0304122106790977	0.221940874028181	0.892618103925317	0.953323892672471
s__Flavisolibacter_tropicus	-0.745365537632167	0.434791794052426	0.104644643247581	0.84400921503855
s__Arachidicoccus_ginsenosidivorans	0.439366389886786	0.479132007796062	0.371966678722691	0.953323892672471
s__Chitinophaga_sp._KRA15-503	-0.437423870339237	0.239939684277105	0.0859295765957127	0.785641843160802
s__Anseongella_ginsenosidimutans	-0.228914874142248	0.614480629909731	0.714099078344757	0.953323892672471
s__Pseudopedobacter_saltans	-0.111038514510937	0.240105262092033	0.649617238154912	0.953323892672471
s__Solitalea_canadensis	-0.246336167857068	0.244766648757276	0.328328312977713	0.953323892672471
s__Pedobacter_heparinus	-0.93080194637751	0.531636228130365	0.0979986759515854	0.83934413455674
s__Olivibacter_sp._SDN3	0.547513333431497	0.253644477384236	0.045471351381411	0.575194987934377
s__Sphingobacterium_sp._G1-14	1.25924903969939	0.585114676194288	0.0460474584112948	0.575194987934377
s__Mucilaginibacter_mallensis	-0.712160918385263	0.21087292973226	0.00358007544297691	0.317465553492387
s__Candidatus_Amoebophilus_asiaticus	-0.152495561889367	0.242894584110941	0.538460857722998	0.953323892672471
s__Cardinium_endosymbiont_of_Bemisia_tabaci	0.0413316332376903	0.233390561706435	0.861528818311886	0.953323892672471
s__Mangrovivirga_cuniculi	-0.530829500455301	0.458519613581101	0.262992627233183	0.940037988345858
s__Marivirga_tractuosa	0.161084622957666	0.27219218849704	0.561769856572415	0.953323892672471
s__Bernardetia_litoralis	0.258849945033037	0.32845278987272	0.441496084243747	0.953323892672471
s__Aquiflexum_balticum	0.0501156182611801	0.234681617556833	0.833440234039552	0.953323892672471
s__Cyclobacterium_marinum	-0.198956799048853	0.293486755502015	0.506953243952926	0.953323892672471
s__Belliella_baltica	-0.92112203708181	0.428197245661153	0.0461354313239031	0.575194987934377
s__Algoriphagus_sanaruensis	0.362220254507006	0.253099354970396	0.170517327873561	0.933769242613027
s__Echinicola_sp._20G	-0.147873331386876	0.512595631338115	0.776467578123684	0.953323892672471
s__Rufibacter_radiotolerans	0.238525634743183	0.401756376583123	0.560525616163873	0.953323892672471
s__Pontibacter_russatus	-0.252812164074979	0.255465278021948	0.336239794913076	0.953323892672471
s__Adhaeribacter_swui	0.456081666101765	0.319340253395037	0.171349017875071	0.933769242613027
s__Hymenobacter_sp._DG01	-0.274763828643128	0.297370708347263	0.368428037921295	0.953323892672471
s__Flammeovirga_sp._MY04	0.257088148062425	0.615917314276561	0.681604829683516	0.953323892672471
s__Aquirufa_nivalisilvae	-0.091839499288313	0.220194986147752	0.681837474030643	0.953323892672471
s__Dyadobacter_fermentans	0.142287913096352	0.413555942078436	0.735020485853328	0.953323892672471
s__Rhodocytophaga_rosea	-0.107347948916958	0.314664816451203	0.737170695014276	0.953323892672471
s__Arcticibacterium_luteifluviistationis	0.162034399906521	0.303685346908544	0.60055327536627	0.953323892672471
s__Cytophaga_hutchinsonii	0.469128076336139	0.44161722923954	0.302960025985996	0.940037988345858
s__Runella_sp._SP2	-0.577412310820844	0.284882254497006	0.058658876073996	0.62629247882612
s__Spirosoma_sp._KCTC_42546	-0.179169411310438	0.398478182231748	0.658654395234241	0.953323892672471
s__Alkalitalea_saponilacus	-0.291448441700383	0.192542741576261	0.14847613233033	0.888605702074839
s__Labilibaculum_antarcticum	0.307006443456378	0.208495332665713	0.159162193998848	0.902998349638611
s__Draconibacterium_orientale	0.106071064377555	0.238512256150659	0.662132470389322	0.953323892672471
s__Maribellus_comscasis	0.563860588189456	0.276061964285624	0.0569261820958926	0.62629247882612
s__Tenuifilum_thalassicum	0.121222800483551	0.29638739527364	0.687645296546532	0.953323892672471
s__Paludibacter_propionicigenes	0.0648628065362106	0.212874372182663	0.764293333698073	0.953323892672471
s__Dysgonomonas_sp._HDW5A	-0.333078710859151	0.267509631151133	0.22998210738131	0.940037988345858
s__Proteiniphilum_saccharofermentans	0.51949396545379	0.231463691450201	0.0384078281806472	0.542228162550313
s__Sodaliphilus_pleomorphus	0.00430190531866335	0.389390474171055	0.991313932167436	0.996027312034862
s__Odoribacter_splanchnicus	-0.119022542049647	0.224471854841133	0.602807648163178	0.953323892672471
s__Butyricimonas_virosa	-0.0970294718977612	0.271121230102615	0.724836365053093	0.953323892672471
s__Salinivirga_cyanobacteriivorans	0.192858711816115	0.355376412001734	0.594388295906029	0.953323892672471
s__Barnesiella_viscericola	-0.0680958057503468	0.245202646763658	0.784582271115251	0.953323892672471
s__Coprobacter_secundus	0.186861942678654	0.241118265242491	0.448997293713126	0.953323892672471
s__Porphyromonas_gingivalis	0.152235563024858	0.455118442092952	0.742096292821418	0.953323892672471
s__Tannerella_forsythia	0.351406239977476	0.270345113754634	0.211004377420909	0.940037988345858
s__Parabacteroides_distasonis	0.208849121574486	0.362221719307839	0.571780619830571	0.953323892672471
s__Alistipes_indistinctus	-0.614283302846665	0.288136361696051	0.0478987473267971	0.58206072700918
s__Prevotella_melaninogenica	-0.307278106734219	0.425429301708695	0.479942406235166	0.953323892672471
s__Phocaeicola_salanitronis	-0.49812194754533	0.409317525103044	0.240245892420892	0.940037988345858
s__Bacteroides_fragilis	-0.354949058066026	0.232780031098087	0.145690078414676	0.888605702074839
s__Fluviicola_taffensis	-0.577443511147834	0.355564111106578	0.12276671238789	0.879522715614731
s__Ichthyobacterium_seriolicida	-0.0686033058788272	0.22412679740705	0.763251798312596	0.953323892672471
s__Candidatus_Sulcia_muelleri	0.220638382403788	0.316124501071704	0.494646577582086	0.953323892672471
s__Blattabacterium_cuenoti	-0.581377862520606	0.246741266393271	0.0307229839250617	0.517439729264197
s__Weeksella_virosa	0.0501156182611801	0.234681617556833	0.833440234039552	0.953323892672471
s__Bergeyella_cardium	0.108810188125655	0.186278536110728	0.566806517357884	0.953323892672471
s__Epilithonimonas_vandammei	0.126617439552453	0.221623464386559	0.575260394133421	0.953323892672471
s__Kaistella_jeonii	-0.277399663325567	0.339504878813864	0.4251909135135	0.953323892672471
s__Ornithobacterium_rhinotracheale	-0.419620510600922	0.491519292752185	0.405128883479522	0.953323892672471
s__Apibacter_raozihei	0.465510211393135	0.381386342487464	0.238907942105809	0.940037988345858
s__Riemerella_anatipestifer	0.211855911643322	0.349742756657291	0.552684600537653	0.953323892672471
s__Empedobacter_brevis	0.219082128459749	0.496766195688377	0.664758326902858	0.953323892672471
s__Cloacibacterium_caeni	0.731831257618566	0.370069542166452	0.0644251370931535	0.667425004413169
s__Elizabethkingia_anophelis	-0.436409960112774	0.596836088168142	0.474612430659691	0.953323892672471
s__Chryseobacterium_sp._3008163	-0.422916361965714	0.275438859749416	0.143080377671339	0.888605702074839
s__Dokdonia_sp._MED134	-0.31984700002961	0.287854814546629	0.281976724173322	0.940037988345858
s__Zunongwangia_profunda	0.107048827945451	0.251348859758317	0.675525953705372	0.953323892672471
s__Croceibacter_atlanticus	-0.251058084781343	0.233095377844238	0.29650026864894	0.940037988345858
s__Gillisia_sp._Hel1_33_143	-0.103616085017431	0.228051956979513	0.655322469590024	0.953323892672471
s__Euzebyella_marina	-0.0396993393773723	0.297775350192156	0.895505964850061	0.953323892672471
s__Leeuwenhoekiella_sp._ZYFB001	0.028628653971327	0.221563487768603	0.898706377988111	0.953323892672471
s__Muricauda_ruestringensis	0.0429720606088647	0.222584256199167	0.849199905700241	0.953323892672471
s__Changchengzhania_lutea	0.133304110189094	0.198373638180214	0.510623370161818	0.953323892672471
s__Oceanihabitans_sp._IOP_32	-0.125297087763713	0.21478768236769	0.56731490411485	0.953323892672471
s__Galbibacter_sp._BG1	-0.0869287726113503	0.205111595089933	0.677016852918294	0.953323892672471
s__Siansivirga_zeaxanthinifaciens	-0.147320387402859	0.223899841442313	0.51936592212638	0.953323892672471
s__Flagellimonas_maritima	0.240696083554987	0.201160381914348	0.247908008376537	0.940037988345858
s__Salegentibacter_salegens	-0.0641134930946613	0.211292393461864	0.765240545229378	0.953323892672471
s__Amniculibacterium_sp._G2-70	0.0539235101838896	0.249138669480467	0.831220945045549	0.953323892672471
s__Antarcticibacterium_flavum	0.0723596593244521	0.227204138189094	0.754001267178558	0.953323892672471
s__Psychroflexus_torquis	0.0703638415918834	0.195729036509823	0.723650659702298	0.953323892672471
s__Arenibacter_algicola	-0.233156349339471	0.192139636469151	0.241540162878909	0.940037988345858
s__Wenyingzhuangia_fucanilytica	-0.275700977718102	0.274338454434037	0.329004014436046	0.953323892672471
s__Flavivirga_eckloniae	-0.0201190304294798	0.2978301361097	0.946930393940775	0.968667566324753
s__Tamlana_carrageenivorans	-0.00703472059693375	0.286895928314886	0.98072326674297	0.98848232421396
s__Aequorivita_sp._KX20305	0.181644905672342	0.206388042646368	0.391070191535297	0.953323892672471
s__Olleya_aquimaris	0.0474576969131791	0.307431585692607	0.879137172798306	0.953323892672471
s__Nonlabens_sp._Ci31	0.411145048991285	0.262143655892108	0.135213341673259	0.888605702074839
s__Mariniflexile_sp._TRM1-10	0.127322381541312	0.269847099583774	0.643046374800413	0.953323892672471
s__Gramella_forsetii	0.449224449042037	0.294600446881759	0.145681651160862	0.888605702074839
s__Lutibacter_profundi	-0.00411465427602569	0.240865518388787	0.986569462316642	0.992774301702281
s__Seonamhaeicola_sp._S2-3	-0.122897177069487	0.254961621907929	0.635937379416884	0.953323892672471
s__Maribacter_sp._HTCC2170	-0.465226225715582	0.479668637614633	0.34569885922859	0.953323892672471
s__Winogradskyella_sp._HaHa_3_26	0.672936278462887	0.543437936934337	0.232434930853834	0.940037988345858
s__Urechidicola_croceus	0.300281730715588	0.277482848528378	0.294291940321135	0.940037988345858
s__Aquimarina_sp._BL5	0.264729116778089	0.529500130470281	0.623512482893138	0.953323892672471
s__Psychroserpens_sp._NJDZ02	0.361861929653116	0.339243792062601	0.301034833729631	0.940037988345858
s__Myroides_phaeus	0.25834089460329	0.437588988088677	0.562706945977327	0.953323892672471
s__Lacinutrix_sp._5H-3-7-4	0.288042268274497	0.485204505009719	0.560562147874577	0.953323892672471
s__Algibacter_sp._L1A34	0.303242753390415	0.476795465525609	0.533244956720854	0.953323892672471
s__Capnocytophaga_gingivalis	-0.386291248908753	0.470484712495816	0.42298302716134	0.953323892672471
s__Formosa_sp._Hel1_31_208	-0.27398843395202	0.483512470108846	0.578348997685023	0.953323892672471
s__Kordia_antarctica	0.603597911340672	0.392845051507146	0.142823803681444	0.888605702074839
s__Cellulophaga_lytica	-0.154541951672503	0.369023071916294	0.680615413618196	0.953323892672471
s__Tenacibaculum_sp._SZ-18	-3.12815083802156e-05	0.498667322173136	0.999950678778671	0.999950678778671
s__Polaribacter_sp._L12M9	-0.623537926695948	0.420584588264619	0.156494491318495	0.89960905189075
s__Flavobacterium_johnsoniae	-0.720743033604502	0.205720934008267	0.00272330861267522	0.317465553492387
s__Hydrogenophilus_thermoluteolus	-0.0796403169147635	0.458860567995727	0.86426034408838	0.953323892672471
s__Bdellovibrio_sp._ZAP7	-0.124010377288837	0.408353951806688	0.765054354657282	0.953323892672471
s__Halobacteriovorax_sp._BALOs_7	0.922674008112972	0.348797202222234	0.0170058124882667	0.40435114018632
s__Silvanigrella_aquatica	-0.23321310907662	0.319991664283899	0.476039205669822	0.953323892672471
s__Fluviispira_sanaruensis	-0.136581896836964	0.421671496181182	0.749960225271346	0.953323892672471
s__Hippea_maritima	0.065522075293395	0.238108259171029	0.786496309825081	0.953323892672471
s__Desulfarculus_baarsii	-0.113775897322163	0.207433568115126	0.590484539931823	0.953323892672471
s__Persicimonas_caeni	0.049504320323879	0.223320737775798	0.827208917103728	0.953323892672471
s__Candidatus_Desulfofervidus_auxilii	-0.0532524038451569	0.224307280349157	0.815177585394046	0.953323892672471
s__Desulfoglaeba_alkanexedens	0.049504320323879	0.223320737775798	0.827208917103728	0.953323892672471
s__Syntrophobacter_fumaroxidans	0.0565738426503443	0.30639668899131	0.855694257251262	0.953323892672471
s__Desulfolutivibrio_sulfoxidireducens	-0.0661028109515932	0.207073513902271	0.753445921773866	0.953323892672471
s__Lawsonia_intracellularis	-0.101132923572003	0.248411331801982	0.689001017474918	0.953323892672471
s__Desulfovibrio_ferrophilus	-0.513950423507444	0.253634127977186	0.0587149198899487	0.62629247882612
s__Desulfopila_sp._IMCC35005	0.0724918540432156	0.239933118694558	0.766215371217501	0.953323892672471
s__Desulfotalea_psychrophila	0.0360316467393484	0.22198746852278	0.872972358113675	0.953323892672471
s__Desulfobacula_toluolica	0.0911084185235584	0.245609245027454	0.715257890999289	0.953323892672471
s__Desulfobacter_hydrogenophilus	-0.0702428902137139	0.208422906867079	0.740226132548155	0.953323892672471
s__Desulfonema_magnum	0.262860053331136	0.281471845429654	0.363443335396129	0.953323892672471
s__Desulfatibacillum_aliphaticivorans	0.218480517421746	0.337282104899206	0.5257875434252	0.953323892672471
s__Desulfosarcina_alkanivorans	-0.428294038290774	0.204096287232157	0.051108980418921	0.605738251771036
s__Sandaracinus_amylolyticus	0.049504320323879	0.223320737775798	0.827208917103728	0.953323892672471
s__Labilithrix_luteola	0.213617748306017	0.268919567042451	0.437937706608844	0.953323892672471
s__Vulgatibacter_incomptus	0.0360316467393484	0.22198746852278	0.872972358113675	0.953323892672471
s__Anaeromyxobacter_dehalogenans	-0.0501582852980561	0.244534682739175	0.839916450111398	0.953323892672471
s__Haliangium_ochraceum	0.227021538368567	0.236122457243088	0.349799592366866	0.953323892672471
s__Minicystis_rosea	0.10637327803569	0.250513021916279	0.676437818518713	0.953323892672471
s__Chondromyces_crocatus	0.000622491390411942	0.456841039412139	0.998928665373638	0.999950678778671
s__Sorangium_cellulosum	-0.351239856258296	0.170435830738164	0.0549593769517706	0.62629247882612
s__Stigmatella_aurantiaca	0.145108844852629	0.263093107294518	0.588434338396342	0.953323892672471
s__Cystobacter_fuscus	0.337677810381292	0.198496910305072	0.107127706174553	0.846988012381382
s__Archangium_violaceum	0.0831355361656528	0.441590065338086	0.852898689743424	0.953323892672471
s__Pyxidicoccus_sp._SCPEA002	0.377765479807224	0.359799599749585	0.308446376760009	0.940037988345858
s__Myxococcus_xanthus	0.0331865314241372	0.380984908061269	0.931604109880558	0.964152824769301
s__Corallococcus_coralloides	0.381616332812445	0.345829770853164	0.285194526722903	0.940037988345858
s__Geoalkalibacter_subterraneus	0.028628653971327	0.221563487768603	0.898706377988111	0.953323892672471
s__Geobacter_sp._FeAm09	-0.453592418678943	0.271001349781634	0.112475346819083	0.846988012381382
s__Pelobacter_propionicus	-0.671971621958885	0.756811509310981	0.38698574318768	0.953323892672471
s__Desulfuromonas_soudanensis	-0.644287144342997	0.470957515010061	0.189112746313206	0.940037988345858
s__Nitrosophilus_alvini	0.0456414500136363	0.223740885906091	0.840781481650603	0.953323892672471
s__Nautilia_sp._PV-1	0.0970738031049371	0.267941987144594	0.721596846603666	0.953323892672471
s__Caminibacter_mediatlanticus	0.198173047066077	0.355006335826865	0.58396934123546	0.953323892672471
s__Candidatus_Sulfurimonas_marisnigri	0.402261936434157	0.618504851025019	0.524141167873768	0.953323892672471
s__Helicobacter_pylori	1.33892082784107	1.39157510341802	0.349455374423002	0.953323892672471
s__Sulfurospirillum_cavolei	-0.264267756464755	0.236837836577969	0.280025062172982	0.940037988345858
s__Campylobacter_jejuni	0.488135813721401	0.628808373334118	0.448246057786607	0.953323892672471
s__Poseidonibacter_lekithochrous	0.128156390549422	0.308268299777752	0.682808103749356	0.953323892672471
s__Pseudoarcobacter_acticola	0.213610568672108	0.287322721326048	0.467359560722892	0.953323892672471
s__Halarcobacter_bivalviorum	0.303369415793861	0.472692847680068	0.529569243528809	0.953323892672471
s__Arcobacter_defluvii	0.266283921095157	0.734761270305173	0.721512732400327	0.953323892672471
s__Malaciobacter_molluscorum	0.51823009590678	0.709419267875784	0.475033017534787	0.953323892672471
s__Aliarcobacter_lanthieri	-0.372207239629672	0.248454830557839	0.152448810645057	0.888605702074839
s__Candidatus_Kinetoplastibacterium_crithidii	0.0429720606088647	0.222584256199167	0.849199905700241	0.953323892672471
s__Candidatus_Kinetoplastibacterium_blastocrithidii	-0.27027108388283	0.238789325063667	0.27341566042918	0.940037988345858
s__Candidatus_Kinetoplastibacterium_sorsogonicusi	0.309933627056376	0.201088509176542	0.141656550736536	0.888605702074839
s__Chitinibacter_fontanus	0.114004973986029	0.24750012653912	0.650904727624129	0.953323892672471
s__Paludibacterium_yongneupense	-0.264267756464755	0.236837836577969	0.280025062172982	0.940037988345858
s__Chromobacterium_violaceum	0.12160978240019	0.242006185624286	0.621757972997454	0.953323892672471
s__Iodobacter_fluviatilis	0.30350687514324	0.27857904424782	0.291144851606919	0.940037988345858
s__Vitreoscilla_sp._C1	0.0580856619210267	0.236348400713639	0.808808376559565	0.953323892672471
s__Kingella_oralis	-0.39684678069549	0.412882446669112	0.349943688402732	0.953323892672471
s__Simonsiella_muelleri	0.187847239464357	0.196531260999364	0.352562120092208	0.953323892672471
s__Alysiella_filiformis	0.0670713059397682	0.226127916964919	0.770359164269946	0.953323892672471
s__Neisseria_mucosa	-0.44026467907815	0.696932125470279	0.535974330923205	0.953323892672471
s__Candidatus_Methylopumilus_universalis	0.0580856619210267	0.236348400713639	0.808808376559565	0.953323892672471
s__Candidatus_Nitrotoga_sp._AM1P	0.13663620077478	0.26048351430536	0.606670250395303	0.953323892672471
s__Nitrosomonas_eutropha	-0.352555028710919	0.382201775033575	0.36921054920426	0.953323892672471
s__Azoarcus_sp._DN11	0.557811420921238	0.372967844371988	0.153090294114491	0.888605702074839
s__Aromatoleum_aromaticum	-0.201039012280941	0.636188437667193	0.75584517359312	0.953323892672471
s__Fluviibacter_phosphoraccumulans	-0.698638227631559	0.377631862764355	0.081766631818501	0.776782534811777
s__Turicimonas_muris	0.0964880133334118	0.283844033683325	0.738070716532646	0.953323892672471
s__Sphaerotilus_natans	-0.274347416925561	0.263916023897827	0.313120344339853	0.942305738452223
s__Xylophilus_rhododendri	-0.268405587456234	0.281613230333309	0.353895785955988	0.953323892672471
s__Rhizobacter_sp._AJA081-3	-0.275934331659596	0.24076915571516	0.267649760506199	0.940037988345858
s__Rhizobacter_gummiphilus	0.0556737769268157	0.224170423436417	0.80683525783941	0.953323892672471
s__Methylibium_sp._Pch-M	0.0774077066862208	0.228328907527677	0.738747528602397	0.953323892672471
s__Rubrivivax_gelatinosus	-0.124217980550008	0.427435467416311	0.774863345394929	0.953323892672471
s__Mitsuaria_sp._7	-0.0698841129458816	0.216105159745248	0.75035140155942	0.953323892672471
s__Thiomonas_intermedia	0.0621878514022209	0.640560608341996	0.923795499428007	0.962007020253317
s__Glaciimonas_sp._PAMC28666	-0.325779308540115	0.477323815330065	0.504109966645466	0.953323892672471
s__Duganella_sp._AF9R3	-0.103654341364646	0.238911699209632	0.669845580101471	0.953323892672471
s__Undibacterium_sp._KW1	-0.196206855311108	0.602876217066638	0.748810931751953	0.953323892672471
s__Massilia_oculi	-0.582019103494472	0.452905128441566	0.215997804884119	0.940037988345858
s__Collimonas_arenae	0.740243119289173	0.276643887810691	0.0159605452244997	0.40435114018632
s__Herbaspirillum_huttiense	-0.0444631302840599	0.439626878912206	0.920623928598305	0.961264619195237
s__Bordetella_pseudohinzii	-0.870689358406415	0.501012171991058	0.100314666514965	0.83934413455674
s__Alcaligenes_faecalis	-0.265243928429971	0.39687087695331	0.51289093899245	0.953323892672471
s__Achromobacter_xylosoxidans	0.594181234512226	0.576252655637397	0.316935574985389	0.950806724956168
s__Verminephrobacter_eiseniae	-0.0894302998452024	0.398475067744101	0.825096963228518	0.953323892672471
s__Polaromonas_sp._JS666	-0.121296507238013	0.204244080738957	0.560412537820114	0.953323892672471
s__Simplicispira_suum	-0.158545665949241	0.213271002047283	0.467390037325542	0.953323892672471
s__Hydrogenophaga_sp._BA0156	0.143727147581104	0.240004539311243	0.55716819093294	0.953323892672471
s__Ottowia_sp._oral_taxon_894	-0.58722246507365	0.55919685154873	0.308363931318356	0.940037988345858
s__Schlegelella_thermodepolymerans	0.383902280926029	0.294035829742583	0.209071788039806	0.940037988345858
s__Diaphorobacter_sp._HDW4B	-0.0140199941677911	0.282591186313918	0.961009602139874	0.977297900481227
s__Comamonas_testosteroni	-0.312777795071329	0.407358584641384	0.453128358611556	0.953323892672471
s__Delftia_acidovorans	-0.0489153505880255	0.541644770355819	0.929097253685058	0.964152824769301
s__Rhodoferax_sp._AJA081-3	-0.711912229741738	0.272829371789344	0.0183214487842333	0.407931018495595
s__Acidovorax_avenae	0.168148180520636	0.522998383158664	0.751744724612504	0.953323892672471
s__Variovorax_paradoxus	-0.514572100320596	0.312306533663949	0.117781848354056	0.869773649383797
s__Kinneretia_sp._DAIF2	-0.587509231004226	0.169312860832939	0.00292865316855921	0.317465553492387
s__Ephemeroptericola_cinctiostellae	0.533138951094918	0.240210148717318	0.0403470110428445	0.545537050720151
s__Chitinimonas_arctica	0.049504320323879	0.223320737775798	0.827208917103728	0.953323892672471
s__Lautropia_mirabilis	0.311318521454129	0.218668494043875	0.17262860167689	0.933769242613027
s__Paraburkholderia_aromaticivorans	-0.371992859084128	0.339002386503623	0.287803551483169	0.940037988345858
s__Pandoraea_pnomenusa	-0.844085860037983	0.346826745706231	0.026267316835893	0.475785361555798
s__Cupriavidus_taiwanensis	-0.477760980363857	0.166655486525861	0.0106889017720234	0.372213781863023
s__Burkholderia_pseudomallei	-0.884170206664019	0.270493317983746	0.00452534700212278	0.317465553492387
s__Ralstonia_solanacearum	-0.824724985381024	0.247158211706404	0.00390663074681935	0.317465553492387
s__Polynucleobacter_sp._MG-Unter2-18	-0.954449839151835	0.310003971877134	0.00680623048797476	0.343893750971356
s__Luteithermobacter_gelatinilyticus	0.405030330536734	0.606644463232244	0.513315161238829	0.953323892672471
s__Candidatus_Paracaedibacter_acanthamoebae	0.0429720606088647	0.222584256199167	0.849199905700241	0.953323892672471
s__Candidatus_Cytomitobacter_indipagum	-0.0874178505155406	0.252687187025808	0.733622574866735	0.953323892672471
s__endosymbiont_of_Acanthamoeba_sp._UWC8	-0.0898297355097517	0.241335092166025	0.714328527704177	0.953323892672471
s__Candidatus_Pelagibacter_sp._RS40	0.566448378908447	0.362288817260245	0.136351755449364	0.888605702074839
s__Candidatus_Fonsibacter_ubiquis	0.00772577846982145	0.255415841901251	0.976221669910241	0.986497687488244
s__Hyphobacterium_sp._CCMP332	0.0360316467393484	0.22198746852278	0.872972358113675	0.953323892672471
s__Marinicauda_algicola	-0.0111709858197785	0.330388394343193	0.973421151926466	0.984747087459292
s__Glycocaulis_alkaliphilus	-0.885035215699914	0.355344406500236	0.0233913897860003	0.449114683891206
s__Caulobacter_vibrioides	0.0759220486847399	0.324754330144839	0.817945506877798	0.953323892672471
s__Asticcacaulis_excentricus	0.0802508671656762	0.270561926899318	0.770358923185373	0.953323892672471
s__Brevundimonas_sp._Bb-A	-0.803994996077001	0.309280483732099	0.0186968383477148	0.407931018495595
s__Polymorphobacter_sp._PAMC_29334	-0.500608631760999	0.340618516187268	0.159905957748504	0.902998349638611
s__Sphingosinicella_microcystinivorans	-0.129660807165073	0.45784003644314	0.780442396856599	0.953323892672471
s__Zymomonas_mobilis	-0.0767711180042369	0.222840859593605	0.734687158779366	0.953323892672471
s__Erythrobacter_neustonensis	0.305567634355071	0.488464474644442	0.539906536023596	0.953323892672471
s__Altererythrobacter_sp._TH136	-0.123458157707871	0.484622544739039	0.801971469946858	0.953323892672471
s__Novosphingopyxis_iocasae	0.571164275915333	0.342613859615925	0.113814014163748	0.846988012381382
s__Sphingopyxis_sp._EG6	0.641074768306217	0.428189278917077	0.152683865843777	0.888605702074839
s__Sphingobium_yanoikuyae	0.193973876522654	0.400550328963719	0.634375334790509	0.953323892672471
s__Sphingorhabdus_sp._JK6	0.26287856047069	0.291235969405815	0.379333901912382	0.953323892672471
s__Sphingomonas_sp._C8-2	0.474790186133928	0.628391435037433	0.460251953325058	0.953323892672471
s__Candidatus_Deianiraea_vastatrix	0.0724918540432156	0.239933118694558	0.766215371217501	0.953323892672471
s__Candidatus_Phycorickettsia_trachydisci	-0.0810839305060378	0.206140179356463	0.698954913259316	0.953323892672471
s__Rickettsia_asiatica	0.338589805833543	0.487975400238029	0.497138609069202	0.953323892672471
s__Orientia_tsutsugamushi	0.576539619518541	0.419840473315643	0.18752155162699	0.940037988345858
s__Wolbachia_endosymbiont_of_Ctenocephalides_felis_wCfeT	-0.383203814514025	0.436312034861749	0.392036713092773	0.953323892672471
s__Candidatus_Neoehrlichia_mikurensis	0.162932858364265	0.320764903677988	0.61801488460481	0.953323892672471
s__Ehrlichia_ruminantium	0.447436210919281	0.581547891213086	0.452221196752159	0.953323892672471
s__Rhodobacter_capsulatus	0.12837900719657	0.300258572356625	0.674337204539895	0.953323892672471
s__Rhodobaca_barguzinensis	-0.243735473110169	0.231358115190084	0.306856680656047	0.940037988345858
s__Pontivivens_sp._MT2928	0.0637883270343584	0.307692402295928	0.838229221823981	0.953323892672471
s__Paraoceanicella_profunda	-0.0752245355405199	0.190390993166085	0.697678578112494	0.953323892672471
s__Haematobacter_massiliensis	0.0531887597851978	0.354087107114346	0.882363820747362	0.953323892672471
s__Boseongicola_sp._CCM32	0.244062705551619	0.201172551073842	0.241641672707987	0.940037988345858
s__Thioclava_nitratireducens	0.0955779542916378	0.233142781367149	0.686959071080256	0.953323892672471
s__Cereibacter_sphaeroides	0.163005309577015	0.205952296189678	0.439573241696869	0.953323892672471
s__Rhodovulum_sulfidophilum	0.122140235095422	0.296976088465278	0.68600576825834	0.953323892672471
s__Paracoccus_jeotgali	0.431012452355442	0.476404437972761	0.378257263516642	0.953323892672471
s__Oceanicola_sp._D3	0.0964880133334118	0.283844033683325	0.738070716532646	0.953323892672471
s__Dinoroseobacter_shibae	0.13510206871022	0.303987767197801	0.662335806479276	0.953323892672471
s__Octadecabacter_temperatus	0.349978854650808	0.246130650712152	0.173136380401165	0.933769242613027
s__Salipiger_pacificus	0.0429720606088647	0.222584256199167	0.849199905700241	0.953323892672471
s__Sulfitobacter_sp._D7	0.253446995950312	0.204467252156802	0.231982244540162	0.940037988345858
s__Roseovarius_indicus	0.0209629689952928	0.319715409130272	0.948486992026321	0.968667566324753
s__Roseivivax_sp._THAF30	-0.855263445394431	0.368816946345194	0.0331097037353413	0.519028418699922
s__Phaeobacter_inhibens	-1.13387658337847	0.373434576900868	0.00745354358296403	0.357770091982274
s__Mameliella_alba	-0.594090505447829	0.254194020869505	0.0319228707137996	0.519028418699922
s__Candidatus_Hodgkinia_cicadicola	-0.0917740172409243	0.270409578138291	0.738473380803824	0.953323892672471
s__Devosia_sp._A16	0.158033535610724	0.350944896772479	0.658177674044057	0.953323892672471
s__Aureimonas_populi	0.0913063054173394	0.231905643711054	0.698680904063798	0.953323892672471
s__Hyphomicrobium_denitrificans	0.0429720606088647	0.222584256199167	0.849199905700241	0.953323892672471
s__Methyloligella_sp._GL2	-0.0775655018848877	0.210349675100683	0.716869545295414	0.953323892672471
s__Labrenzia_sp._CP4	-0.133764217790834	0.253865076574787	0.605063839713468	0.953323892672471
s__Stappia_indica	0.424204614630259	0.247558393401836	0.104785265598629	0.84400921503855
s__Pannonibacter_phragmitetus	-0.376183593404271	0.581876460905929	0.526587832585209	0.953323892672471
s__Bosea_sp._Tri-49	0.113818273086459	0.292588724669124	0.702102347436671	0.953323892672471
s__Microvirga_ossetica	-0.106953100600475	0.20535095936579	0.609202470016295	0.953323892672471
s__Methylorubrum_extorquens	0.474300677164291	0.451747204641374	0.308449964925985	0.940037988345858
s__Methylobacterium_radiodurans	-0.348921121018422	0.549796192255351	0.534113571209737	0.953323892672471
s__Phyllobacterium_sp._628	-0.112888327665915	0.223210169238572	0.619527561930008	0.953323892672471
s__Mesorhizobium_sp._M8A.F.Ca.ET.057.01.1.1	1.84204558897351	0.488869095297618	0.00153388103830276	0.317465553492387
s__Bartonella_australis	0.413698316008858	0.481127755116765	0.401834496185709	0.953323892672471
s__Chelatococcus_sp._CO-6	-0.488929774375329	0.276247853744252	0.0946764834758118	0.838646829439357
s__Xanthobacter_sp._YN2	-0.145957555113511	0.307901170304923	0.641502531452448	0.953323892672471
s__Labrys_sp._KNU-23	-0.60851924727246	0.308184413334393	0.0647945830920395	0.667425004413169
s__Brucella_pseudogrignonensis	-0.717567562863287	0.289500116090627	0.0239718467967066	0.451234763232124
s__Shinella_sp._HZN7	0.535433279532476	0.303349208798765	0.09550726623239	0.838646829439357
s__Liberibacter_crescens	0.099691442030852	0.234393735977892	0.675941382249021	0.953323892672471
s__Sinorhizobium_fredii	0.660769701247449	0.558076905106673	0.252699865027805	0.940037988345858
s__Neorhizobium_sp._SOG26	-0.133106513571478	0.211164836509017	0.536851445995131	0.953323892672471
s__Ensifer_alkalisoli	0.335618196436612	0.530470611015528	0.535360748216793	0.953323892672471
s__Agrobacterium_larrymoorei	0.09243168536138	0.526372758219387	0.862681937149071	0.953323892672471
s__Rhizobium_leguminosarum	0.0727607062772462	0.614469725639272	0.907128986892912	0.955920776528206
s__Rhodopseudomonas_palustris	0.211416712164848	0.409229845481918	0.61207615801663	0.953323892672471
s__Bradyrhizobium_erythrophlei	-0.638567526444219	0.238712994051114	0.0159856595265882	0.40435114018632
s__Elioraea_sp._MS-P2	0.0501156182611801	0.234681617556833	0.833440234039552	0.953323892672471
s__Thalassospira_marina	0.131846471360334	0.236618988386511	0.584646521759925	0.953323892672471
s__Tistrella_mobilis	0.0429720606088647	0.222584256199167	0.849199905700241	0.953323892672471
s__Hypericibacter_adhaerens	0.33780999449103	0.256975346451808	0.20611715192154	0.940037988345858
s__Candidatus_Endolissoclinum_faulkneri	-0.0419625143017963	0.247913283520031	0.867587631415539	0.953323892672471
s__Niveispirillum_cyanobacteriorum	-0.260901045823772	0.270238639512218	0.347855398039068	0.953323892672471
s__Azospirillum_sp._TSH58	-0.0342312413559202	0.405866359524931	0.933770449776584	0.964152824769301
s__Entomobacter_blattae	-0.243735473110169	0.231358115190084	0.306856680656047	0.940037988345858
s__Bombella_sp._KACC_21507	0.0360316467393484	0.22198746852278	0.872972358113675	0.953323892672471
s__Komagataeibacter_oboediens	0.114515939122983	0.291116502387637	0.698937210475967	0.953323892672471
s__Lichenicola_cladoniae	-0.333611745466605	0.447089293869431	0.465749362209877	0.953323892672471
s__Roseomonas_sp._1318	-0.370076435591482	0.514722107044276	0.481918309839365	0.953323892672471
s__Acetobacter_pasteurianus	-0.457516537477745	0.274095017094314	0.113389897946978	0.846988012381382
s__Granulibacter_bethesdensis	-0.670642528636448	0.292706813283281	0.0349978120045114	0.519028418699922
s__Solimonas_sp._K1W22B-7	-0.251058084781343	0.233095377844238	0.29650026864894	0.940037988345858
s__Methylococcus_sp._EFPC2	-0.0201677061003321	0.265810786426212	0.940406350171618	0.968658901464328
s__Methylomicrobium_sp._wino1	0.028628653971327	0.221563487768603	0.898706377988111	0.953323892672471
s__Candidatus_Thioglobus_autotrophicus	-0.243735473110169	0.231358115190084	0.306856680656047	0.940037988345858
s__Candidatus_Thioglobus_sp._NP1	-0.0967785009863742	0.216642268283399	0.6607155741581	0.953323892672471
s__Candidatus_Ruthia_endofausta	-0.0253865588912575	0.352001362153103	0.943347629525688	0.968667566324753
s__Bathymodiolus_thermophilus_thioautotrophic_gill_symbiont	-0.128189537680084	0.20827687231765	0.54639221923906	0.953323892672471
s__Candidatus_Reidiella_endopervernicosa	-0.101238722205898	0.253351843451189	0.694428879683103	0.953323892672471
s__Allochromatium_tepidum	0.0360316467393484	0.22198746852278	0.872972358113675	0.953323892672471
s__Rheinheimera_sp._LHK132	-0.183940273234064	0.396682929051876	0.648747490812762	0.953323892672471
s__Wenzhouxiangella_sp._AB-CW3	0.32297286755777	0.419214715220152	0.451623380731329	0.953323892672471
s__Succinivibrio_dextrinosolvens	0.049504320323879	0.223320737775798	0.827208917103728	0.953323892672471
s__Zobellella_denitrificans	0.0580856619210267	0.236348400713639	0.808808376559565	0.953323892672471
s__Oceanisphaera_profunda	0.0790501189495923	0.241801737096736	0.747718332882746	0.953323892672471
s__Dongshaea_marina	0.0360316467393484	0.22198746852278	0.872972358113675	0.953323892672471
s__Aeromonas_caviae	0.522185946109453	0.660027154411323	0.439750906706017	0.953323892672471
s__Zhongshania_aliphaticivorans	-0.0637331523671549	0.203699078705911	0.758178356407277	0.953323892672471
s__Agarilytica_rhodophyticola	0.128262145758299	0.281556737229298	0.654481006605993	0.953323892672471
s__Cellvibrio_japonicus	0.0776822409786226	0.474286687779581	0.871829896057466	0.953323892672471
s__Microbulbifer_hydrolyticus	-0.744530321633863	0.256446925587333	0.0098941188053365	0.372213781863023
s__Frischella_perrara	-0.323921249880214	0.211872348281436	0.144694628256592	0.888605702074839
s__Gilliamella_apicola	-0.727394404030945	0.257327257328061	0.0116316806832195	0.372213781863023
s__Thiothrix_sp.	0.329781930773409	0.33297296242735	0.335859065729697	0.953323892672471
s__Hydrogenovibrio_crunogenus	0.0429720606088647	0.222584256199167	0.849199905700241	0.953323892672471
s__Thiosulfativibrio_zosterae	-0.109371511172874	0.195182832204318	0.5825479701176	0.953323892672471
s__Thiomicrorhabdus_indica	-0.50659334149038	0.379508398897316	0.199522547858227	0.940037988345858
s__Piscirickettsia_salmonis	0.274025974837095	0.272854099267391	0.329318284926045	0.953323892672471
s__Allofrancisella_guangzhouensis	0.125263012715041	0.198009924242176	0.535405592374514	0.953323892672471
s__Francisella_philomiragia	0.398061435103574	0.601388853503085	0.516905704948495	0.953323892672471
s__Endozoicomonas_montiporae	-0.121296507238013	0.204244080738957	0.560412537820114	0.953323892672471
s__Spartinivicinus_ruber	0.0360316467393484	0.22198746852278	0.872972358113675	0.953323892672471
s__Oleiphilus_messinensis	0.207445985858442	0.226742270997998	0.373040590600082	0.953323892672471
s__Kangiella_geojedonensis	0.0349801063715198	0.23619863272633	0.884009310125892	0.953323892672471
s__Alcanivorax_sp._N3-2A	0.393628117215904	0.269019047965611	0.161657197424589	0.907549178524007
s__Neptunomonas_japonica	0.116532192706796	0.255124988654112	0.653622149694633	0.953323892672471
s__Marinomonas_foliarum	0.261642016801153	0.45906812972237	0.576172612582457	0.953323892672471
s__Halotalea_alkalilenta	0.0580856619210267	0.236348400713639	0.808808376559565	0.953323892672471
s__Kushneria_marisflavi	0.0884637260703643	0.287112200978454	0.76173771531776	0.953323892672471
s__Candidatus_Portiera_aleyrodidarum	-0.236544688931005	0.436756702041562	0.595126037452157	0.953323892672471
s__Candidatus_Carsonella_ruddii	0.0349713918543272	0.290708830228327	0.905658219902202	0.955419660556169
s__Halomonas_elongata	1.08888539777781	0.649719444621829	0.112044314362407	0.846988012381382
s__Salinivibrio_kushneri	-0.0437698682972911	0.383494502133544	0.910468486479668	0.957338167601842
s__Paraphotobacterium_marinum	-0.266743057904243	0.171506234255247	0.138294500563107	0.888605702074839
s__Grimontia_hollisae	-0.196183552880815	0.433586169311357	0.656653063629256	0.953323892672471
s__Aliivibrio_fischeri	-0.168976281779854	0.405220450171397	0.681897882672309	0.953323892672471
s__Photobacterium_damselae	0.483602924219122	0.295769862271856	0.120414953488962	0.875745116283362
s__Vibrio_parahaemolyticus	-0.658235098514689	0.212981364832588	0.00663719478762224	0.343893750971356
s__Idiomarina_sp._OT37-5b	0.028628653971327	0.221563487768603	0.898706377988111	0.953323892672471
s__Moritella_marina	-0.137901376401801	0.405806819914026	0.738154276121479	0.953323892672471
s__Glaciecola_amylolytica	0.0360316467393484	0.22198746852278	0.872972358113675	0.953323892672471
s__Catenovulum_sp._CCB-QB4	0.0941920259330076	0.187091045511603	0.621104966316772	0.953323892672471
s__Marinobacter_salsuginis	0.379894970373085	0.352565056424857	0.29630249922829	0.940037988345858
s__Alteromonas_macleodii	-0.216478624357154	0.351451681288904	0.546083414713186	0.953323892672471
s__Paraglaciecola_sp._L1A13	0.447219948534898	0.398018033823429	0.276792703111668	0.940037988345858
s__Thalassotalea_crassostreae	0.065522075293395	0.238108259171029	0.786496309825081	0.953323892672471
s__Cognaticolwellia_beringensis	0.229687362845475	0.201407410543185	0.26992729983256	0.940037988345858
s__Colwellia_sp._20A7	-0.437969278632999	0.527801886794142	0.418153249735004	0.953323892672471
s__Parashewanella_spongiae	-0.245134001365869	0.210235576644473	0.259714311498597	0.940037988345858
s__Shewanella_putrefaciens	0.0257609886104865	0.386712348643217	0.947665079934392	0.968667566324753
s__Flocculibacter_collagenilyticus	0.0580856619210267	0.236348400713639	0.808808376559565	0.953323892672471
s__Psychrosphaera_aestuarii	0.0790501189495923	0.241801737096736	0.747718332882746	0.953323892672471
s__Pseudoalteromonas_arabiensis	-0.196472925978303	0.402613885834718	0.631788784271161	0.953323892672471
s__Luteibacter_pinisoli	0.400787359831598	0.530341505986508	0.460163626741335	0.953323892672471
s__Rhodanobacter_denitrificans	-0.354765276748175	0.386884231534151	0.371979118018117	0.953323892672471
s__Dyella_japonica	0.223129097939098	0.19971378356795	0.279431602485057	0.940037988345858
s__Dokdonella_koreensis	0.241986754866714	0.253390786752381	0.35296441097591	0.953323892672471
s__Arenimonas_daejeonensis	-0.143149965445174	0.33309890945855	0.672773681644134	0.953323892672471
s__Xylella_fastidiosa	-0.121296507238013	0.204244080738957	0.560412537820114	0.953323892672471
s__Pseudolysobacter_antarcticus	0.0360316467393484	0.22198746852278	0.872972358113675	0.953323892672471
s__Pseudoxanthomonas_suwonensis	0.0360316467393484	0.22198746852278	0.872972358113675	0.953323892672471
s__Thermomonas_brevis	0.429192546495966	0.502572653031343	0.404983567785509	0.953323892672471
s__Lysobacter_enzymogenes	0.504593528292314	0.462629500380962	0.290620283879269	0.940037988345858
s__Xanthomonas_sacchari	-0.521476281261238	0.558557101417908	0.363575517746398	0.953323892672471
s__Stenotrophomonas_maltophilia	0.280323622724914	0.770396376024446	0.720441508269581	0.953323892672471
s__Rodentibacter_heylii	0.0580856619210267	0.236348400713639	0.808808376559565	0.953323892672471
s__Avibacterium_paragallinarum	0.0360316467393484	0.22198746852278	0.872972358113675	0.953323892672471
s__Actinobacillus_porcitonsillarum	0.0553202021346623	0.405181338810681	0.893004609612521	0.953323892672471
s__Histophilus_somni	-0.121806263742084	0.352015513163677	0.733569112425603	0.953323892672471
s__Bisgaardia_hudsonensis	-0.254538490135568	0.54858529159258	0.648540534962961	0.953323892672471
s__Mannheimia_sp._USDA-ARS-USMARC-1261	0.397732005682466	0.425013523927266	0.362475226280849	0.953323892672471
s__Aggregatibacter_segnis	-0.583538471297354	0.290014010977873	0.0603323526800114	0.63647317112979
s__Pasteurella_multocida	-0.759103870619004	0.272744942873118	0.0127479312593211	0.392851712344898
s__Haemophilus_parainfluenzae	0.352191273517481	0.459899200519975	0.454296885938707	0.953323892672471
s__Glaesserella_sp._15-184	-0.563045082503797	0.305174957510001	0.0825331443237513	0.776782534811777
s__Candidatus_Coxiella_mudrowiae	-0.119022542049647	0.224471854841133	0.602807648163178	0.953323892672471
s__Candidatus_Rickettsiella_viridis	-0.905421987309872	0.480469778658993	0.0767203422779001	0.743954834209941
s__Fluoribacter_dumoffii	-0.237117878791011	0.197905818247622	0.247302195922437	0.940037988345858
s__Legionella_pneumophila	-0.746270634732107	0.295689954933005	0.0218541260873717	0.44364539017971
s__Psychrobacter_sp._DAB_AL43B	0.295355104494826	0.504782974555841	0.566157928436212	0.953323892672471
s__Moraxella_osloensis	-0.48183917778473	0.303570671791641	0.130882747971165	0.888605702074839
s__Acinetobacter_baumannii	-0.435377591469307	0.187952910678688	0.033277025833404	0.519028418699922
s__Entomomonas_sp._F2A	-0.0908623903375917	0.264346892330049	0.73526837342202	0.953323892672471
s__Pseudomonas_aeruginosa	-0.576485557648753	0.216731861621511	0.0164974704026935	0.40435114018632
s__Plesiomonas_shigelloides	0.264884112769977	0.207984032232123	0.21995143185707	0.940037988345858
s__Limnobaculum_parvum	-0.0701106954949504	0.222230261537826	0.756232114519384	0.953323892672471
s__Pragia_fontium	-0.375720908811276	0.464891725968115	0.430146152317428	0.953323892672471
s__Brenneria_izadpanahii	-0.401937929423734	0.524412115086828	0.453918445429328	0.953323892672471
s__Pectobacterium_parmentieri	-0.17538019997294	0.492397761041266	0.72609075031485	0.953323892672471
s__Dickeya_zeae	-0.620259247779039	0.512689464155462	0.242905173033873	0.940037988345858
s__Edwardsiella_tarda	0.359735483565468	0.359350190861498	0.330829047111618	0.953323892672471
s__Hafnia_alvei	-0.193794950212747	0.519099125661586	0.713517876368102	0.953323892672471
s__Yersinia_frederiksenii	0.193619208477553	0.544516423660449	0.726528894907802	0.953323892672471
s__Serratia_marcescens	0.352441202825657	0.613423150676982	0.573122123043652	0.953323892672471
s__Xenorhabdus_bovienii	0.247317127154087	0.206814974823289	0.248174173316761	0.940037988345858
s__Arsenophonus_nasoniae	-0.220682166844656	0.298290620789484	0.469501898377561	0.953323892672471
s__Morganella_morganii	0.216145752631496	0.272164057102516	0.438040254453004	0.953323892672471
s__Photorhabdus_asymbiotica	0.346735362586383	0.43148504179177	0.432729356082061	0.953323892672471
s__Providencia_rettgeri	0.647626849214229	0.603231586772518	0.298007431850326	0.940037988345858
s__Proteus_mirabilis	-0.257789588956905	0.374033499779693	0.499987627043172	0.953323892672471
s__Mixta_calida	0.0580856619210267	0.236348400713639	0.808808376559565	0.953323892672471
s__Pantoea_vagans	0.00797170217616081	0.33468363037753	0.9812746405999	0.98848232421396
s__Candidatus_Erwinia_haradaeae	-0.260681732657485	0.434855700720864	0.556767279986957	0.953323892672471
s__Buchnera_aphidicola	-0.384777849197977	0.273038222891121	0.176792845893271	0.940037988345858
s__Enterobacteriaceae_endosymbiont_of_Donacia_provostii	0.0790501189495923	0.241801737096736	0.747718332882746	0.953323892672471
s__Enterobacteriaceae_endosymbiont_of_Donacia_fulgens	0.101985266128067	0.249441256897355	0.687750664784973	0.953323892672471
s__Shimwellia_blattae	-0.130045431057306	0.228695501154104	0.577035956763864	0.953323892672471
s__Shigella_flexneri	-0.31243125298423	0.256531175603953	0.239893794953132	0.940037988345858
s__Enterobacteriaceae_endosymbiont_of_Donacia_clavipes	-0.333078710859151	0.267509631151133	0.22998210738131	0.940037988345858
s__Candidatus_Hamiltonella_defensa	-0.291221557032533	0.246760301890152	0.254179730798052	0.940037988345858
s__Cronobacter_sakazakii	0.297045472805458	0.392960266540611	0.46004584308993	0.953323892672471
s__Kosakonia_sp._MUSA4	-0.332109550269483	0.342260329673691	0.345480484936866	0.953323892672471
s__Buttiauxella_sp._3AFRM03	-0.631943540762473	0.592648372830043	0.301196312124228	0.940037988345858
s__Candidatus_Purcelliella_pentastirinorum	-0.12071631119168	0.206793061427091	0.567051202380927	0.953323892672471
s__secondary_endosymbiont_of_Heteropsylla_cubana	0.050174360828971	0.178334477073379	0.781838028063381	0.953323892672471
s__Blochmannia_endosymbiont_of_Polyrhachis_(Hedomyrma)_turneri	0.231653163363787	0.339659287546156	0.504415704916361	0.953323892672471
s__Enterobacteriaceae_endosymbiont_of_Donacia_crassipes	-0.131829347478727	0.21402183926855	0.546079194475802	0.953323892672471
s__Enterobacteriaceae_endosymbiont_of_Neohaemonia_nigricornis	0.028628653971327	0.221563487768603	0.898706377988111	0.953323892672471
s__Enterobacteriaceae_endosymbiont_of_Macroplea_mutica	0.512719917125151	0.262786370621531	0.0677262896701427	0.6843919798246
s__Enterobacteriaceae_endosymbiont_of_Donacia_proxima	0.0615186190321282	0.225111940706042	0.787930135809796	0.953323892672471
s__Enterobacteriaceae_endosymbiont_of_Plateumaris_rustica	0.0938323941531847	0.224383771597711	0.681051705107803	0.953323892672471
s__Enterobacteriaceae_endosymbiont_of_Donacia_sparganii	-0.392618764573481	0.38207920503648	0.318545158359849	0.952658417524782
s__Pluralibacter_gergoviae	0.382171078808181	0.484542335664509	0.441133485719679	0.953323892672471
s__Kluyvera_intermedia	0.292358903344683	0.259722076656577	0.275950555658308	0.940037988345858
s__Lelliottia_amnigena	-0.776479554274717	0.483478085048538	0.126681732208957	0.888605702074839
s__Candidatus_Profftia_tarda	0.0727853268580965	0.26022258923855	0.783079226457817	0.953323892672471
s__Leclercia_adecarboxylata	0.224518144878066	0.26096115160515	0.401566795976767	0.953323892672471
s__Candidatus_Tachikawaea_gelatinosa	0.397647360871365	0.242145743989297	0.118919889802939	0.871474001609323
s__Candidatus_Gullanella_endobia	-0.0329770796987614	0.287293646260659	0.909960182477249	0.957338167601842
s__Cedecea_neteri	-0.203368867966398	0.400634489031154	0.618244243113527	0.953323892672471
s__Enterobacteriaceae_endosymbiont_of_Donacia_marginata	0.476427437104552	0.260286236565136	0.0847794248593107	0.783767320562407
s__Enterobacteriaceae_endosymbiont_of_Donacia_bicoloricornis	0.37007989953803	0.265085127843738	0.180656235463565	0.940037988345858
s__Enterobacter_cloacae	-0.586185506764767	0.619321350196858	0.357155912228862	0.953323892672471
s__Citrobacter_freundii	-0.543419948094351	0.200617433300932	0.014900668513863	0.40435114018632
s__Escherichia_coli	-0.783254541124976	0.213833721065897	0.00192691440062756	0.317465553492387
s__Salmonella_enterica	-0.41505284716175	0.214363032481841	0.0696479932483873	0.696479932483873
s__Klebsiella_sp._LY	-0.542623327456463	0.217571222971711	0.0232310973322053	0.449114683891206
s__Fimbriimonas_ginsengisoli	0.358796104250659	0.290630946530251	0.233794259549202	0.940037988345858
s__Deinococcus_ficus	0.343283820227674	0.287894923787237	0.249486099290331	0.940037988345858
s__Thermus_thermophilus	0.477959443004675	0.298434585722395	0.127671378353968	0.888605702074839
s__Meiothermus_ruber	0.65491491593231	0.383048258202842	0.105501151879819	0.84400921503855
s__Ktedonosporobacter_rubrisoli	0.0597312631452274	0.180111140040843	0.744217833786525	0.953323892672471
s__Pelolinea_submarina	-0.0869287726113503	0.205111595089933	0.677016852918294	0.953323892672471
s__Chloroflexus_aggregans	0.028628653971327	0.221563487768603	0.898706377988111	0.953323892672471
s__Roseiflexus_castenholzii	0.146482375133923	0.239254894809292	0.548478690657593	0.953323892672471
s__Candidatus_Promineofilum_breve	-0.0245846227703033	0.344436152897917	0.943931157609056	0.968667566324753
s__Dehalogenimonas_lykanthroporepellens	0.954417760228151	0.264999987023246	0.00220135843569184	0.317465553492387
s__Dehalococcoides_mccartyi	0.288117022306088	0.346786364792433	0.417591773096047	0.953323892672471
s__Candidatus_Izimaplasma_sp._HR1	0.0360316467393484	0.22198746852278	0.872972358113675	0.953323892672471
s__Candidatus_Phytoplasma_australiense	0.183445485324638	0.269890874474516	0.505843722854236	0.953323892672471
s__Acholeplasma_palmae	0.0326289024024166	0.300150306666354	0.91470649452443	0.958422788601914
s__Ureaplasma_urealyticum	0.256028102274215	0.243536577997909	0.307839715075997	0.940037988345858
s__Mycoplasmopsis_felis	0.573942065318893	0.515488005860089	0.28103430647234	0.940037988345858
s__Mycoplasma_mycoides	0.492177194182016	0.709103584002795	0.497005867886819	0.953323892672471
s__Entomoplasma_luminosum	0.0334683053078055	0.236402777219094	0.889081290414988	0.953323892672471
s__Mesoplasma_florum	0.538932553064171	0.296981505898615	0.087255684470254	0.786665388849673
s__Spiroplasma_cantharicola	0.501785643152461	0.718495533468302	0.494380745519977	0.953323892672471
s__Chroococcidiopsis_thermalis	0.065522075293395	0.238108259171029	0.786496309825081	0.953323892672471
s__cyanobacterium_endosymbiont_of_Epithemia_turgida	0.13683247794013	0.24868869331904	0.589328434406535	0.953323892672471
s__cyanobacterium_endosymbiont_of_Rhopalodia_gibberula	0.403421137333079	0.26792546239687	0.150493221586386	0.888605702074839
s__Pleurocapsa_sp._PCC_7327	0.0429720606088647	0.222584256199167	0.849199905700241	0.953323892672471
s__Stanieria_sp._NIES-3757	-0.0577192905070955	0.218450192819702	0.794785569261258	0.953323892672471
s__Stanieria_cyanosphaera	-0.0720121288931802	0.591592360123465	0.904543385147807	0.955293344050489
s__Geitlerinema_sp._PCC_7407	-0.257880881503031	0.234932168595258	0.287648166526934	0.940037988345858
s__[Phormidium]_sp._ETS-05	-0.347226091163972	0.326326451039633	0.302189367989573	0.940037988345858
s__Crinalium_epipsammum	0.171327674252939	0.20865781910121	0.422958408929315	0.953323892672471
s__Oscillatoria_nigro-viridis	0.049504320323879	0.223320737775798	0.827208917103728	0.953323892672471
s__Oscillatoria_acuminata	-0.107243637607149	0.208223644176071	0.613156590766611	0.953323892672471
s__Moorea_producens	0.607176213336797	0.496701415246037	0.238228325809162	0.940037988345858
s__Planktothrix_rubescens	0.104822184555363	0.288012661242723	0.72038242938272	0.953323892672471
s__Oxynema_sp._AP17	-0.086347157043479	0.216851496562368	0.69544953245731	0.953323892672471
s__Microcoleus_sp._PCC_7113	-0.0236569480459107	0.392870566080725	0.952686130577333	0.971922088580488
s__Trichodesmium_erythraeum	-0.27294146142872	0.482807544231195	0.579240382879683	0.953323892672471
s__Cyanobacterium_aponinum	-0.0320544069531356	0.256568901922898	0.902040588692011	0.95475078847225
s__Crocosphaera_subtropica	0.0790501189495923	0.241801737096736	0.747718332882746	0.953323892672471
s__Euhalothece_natronophila	0.17987719580451	0.195116905937144	0.369482771285156	0.953323892672471
s__Rippkaea_orientalis	0.0429720606088647	0.222584256199167	0.849199905700241	0.953323892672471
s__Candidatus_Atelocyanobacterium_thalassa	0.216596838224084	0.199526221660494	0.292830078131666	0.940037988345858
s__Gloeothece_citriformis	-0.247864816233458	0.243702954683382	0.323373919838073	0.953323892672471
s__Gloeothece_verrucosa	-0.0458143262397039	0.23123773426664	0.845295982641068	0.953323892672471
s__Microcystis_aeruginosa	0.456755464453311	0.467068893794813	0.34182671300616	0.953323892672471
s__Chondrocystis_sp._NIES-4102	0.245922107572867	0.304087761211906	0.429849025636075	0.953323892672471
s__Geminocystis_herdmanii	0.11042147867165	0.198515661682214	0.585297673944172	0.953323892672471
s__Geminocystis_sp._NIES-3709	0.590501267887777	0.244903025293499	0.0274980582227604	0.479966107160908
s__Geminocystis_sp._NIES-3708	0.229659178892785	0.266083973862785	0.400091452272637	0.953323892672471
s__Gloeocapsa_sp._PCC_7428	0.44250747606833	0.424305663436156	0.311600264146354	0.942305738452223
s__Pseudanabaena_sp._ABRG5-3	-0.113775897322163	0.207433568115126	0.590484539931823	0.953323892672471
s__Pseudanabaena_sp._PCC_7367	-0.0987174096119157	0.236964542149265	0.682189848794997	0.953323892672471
s__Acaryochloris_marina	-1.05711233570967	0.383777600804769	0.0135398773714834	0.393887341715882
s__Thermoleptolyngbya_sp._PKUAC-SCTB121	0.14433655997873	0.557351717031814	0.798769193704028	0.953323892672471
s__Cyanobium_sp._NIES-981	0.334912873662595	0.35041813002043	0.352592263191734	0.953323892672471
s__Thermosynechococcus_elongatus	-0.601028404334412	0.305090496772289	0.0653520316821228	0.667425004413169
s__Synechococcus_sp._Minos11	-0.302808014911545	0.278158069160422	0.29151490579523	0.940037988345858
s__Synechococcus_elongatus	-0.186696264711095	0.500114808746207	0.713534357095881	0.953323892672471
s__Synechococcus_sp._PCC_7002	-0.0719008435209548	0.716240542791856	0.921211926728769	0.961264619195237
s__Synechococcus_sp._RS9909	0.0556737769268157	0.224170423436417	0.80683525783941	0.953323892672471
s__Synechococcus_sp._PROS-U-1	0.049504320323879	0.223320737775798	0.827208917103728	0.953323892672471
s__Synechococcus_sp._NIES-970	0.049504320323879	0.223320737775798	0.827208917103728	0.953323892672471
s__Synechococcus_sp._BIOS-E4-1	0.376329728529347	0.428569716521031	0.392127985279284	0.953323892672471
s__Synechococcus_sp._WH_8109	-0.434358705418645	0.426304941284346	0.322536369075374	0.953323892672471
s__Synechococcus_sp._PCC_7003	0.0139886755335356	0.362600284305836	0.969675653373775	0.984026033022012
s__Leptolyngbya_boryana	0.049504320323879	0.223320737775798	0.827208917103728	0.953323892672471
s__Leptolyngbya_sp._15MV	0.282566175515738	0.355671276791779	0.437879226341858	0.953323892672471
s__Leptolyngbya_sp._7M	-0.508970344068017	0.202248245379785	0.0221822695089855	0.44364539017971
s__Prochlorococcus_sp._MIT_0801	0.415397827634123	0.362685768935206	0.267937759112052	0.940037988345858
s__Prochlorococcus_marinus	-0.674551958457117	0.26484555151217	0.0208396276770224	0.434913968911772
s__Chamaesiphon_minutus	-0.532856540363279	0.169954229353355	0.00603039513686111	0.340539960669804
s__Brasilonema_sennae	-0.246091176910405	0.201686859133841	0.239059049200679	0.940037988345858
s__Scytonema_sp._HK-05	-0.196077056011642	0.332923533238627	0.563636222117223	0.953323892672471
s__Scytonema_sp._NIES-4073	-0.983291613336594	0.656447023170014	0.152497430078231	0.888605702074839
s__Nodularia_spumigena	-0.273382571505614	0.276253871319809	0.336243727793858	0.953323892672471
s__Sphaerospermopsis_kisseleviana	0.764882880405571	0.227496863433707	0.00369840315191351	0.317465553492387
s__Fischerella_sp._NIES-3754	-0.452743337018488	0.330820078704509	0.188955578480766	0.940037988345858
s__Fischerella_sp._NIES-4106	-0.98044310131062	0.36057007281294	0.0145799892883188	0.40435114018632
s__Tolypothrix_sp._PCC_7910	0.50085627420033	0.353347576539263	0.174416345285844	0.935417270806764
s__Microchaete_diplosiphon	-0.395703615779598	0.30796022797744	0.216052969683622	0.940037988345858
s__Rivularia_sp._PCC_7116	0.195183940733588	0.445195395267111	0.666600101358289	0.953323892672471
s__Calothrix_sp._NIES-2098	-0.575714887118105	0.282748539900156	0.0576256970842831	0.62629247882612
s__Calothrix_sp._PCC_7507	0.288203529863909	0.245631075287564	0.256845876600261	0.940037988345858
s__Calothrix_sp._NIES-2100	0.170222217993677	0.234457992402958	0.477701344588228	0.953323892672471
s__Calothrix_brevissima	0.595478315180634	0.563670988598458	0.305554741647007	0.940037988345858
s__Calothrix_parasitica	-0.19160082457312	0.471791133108623	0.689725374531252	0.953323892672471
s__Calothrix_sp._PCC_6303	0.278567505503224	0.384141648335869	0.478212608605717	0.953323892672471
s__Calothrix_sp._336/3	-0.643918034604804	0.282350812763256	0.0357458160669333	0.519028418699922
s__Cylindrospermum_stagnale	0.0557253876482641	0.257143218074219	0.831014018828186	0.953323892672471
s__Trichormus_azollae	0.266193803527939	0.196946744297586	0.194214498331337	0.940037988345858
s__Anabaena_cylindrica	0.0895993757237695	0.259305878032408	0.733930682927225	0.953323892672471
s__Anabaena_sp._90	0.261007962096451	0.31896363799435	0.424508148406306	0.953323892672471
s__Anabaena_sp._WA102	0.111190203523907	0.238192909763854	0.646564469169566	0.953323892672471
s__Richelia_sinica	-0.0846432074732209	0.341063142688123	0.806972321293215	0.953323892672471
s__Nostoc_sp._C052	0.0405182640437409	0.187421741958679	0.831414318067213	0.953323892672471
s__Nostoc_sp._UHCC_0702	0.079726226254048	0.176682513201872	0.657519661402834	0.953323892672471
s__Nostoc_sp._TCL26-01	0.0639892465941304	0.18034390007436	0.72708958210481	0.953323892672471
s__Nostoc_sp._ATCC_53789	-0.118826881902402	0.463613510820512	0.800790518997251	0.953323892672471
s__Nostoc_sp._PCC_7524	-0.316379047183693	0.391422157153686	0.430095336712009	0.953323892672471
s__Nostoc_sp._PCC_7107	-0.590956033836807	0.535073478906128	0.284790286287836	0.940037988345858
s__Nostoc_linckia	0.30838125429948	0.430285996745008	0.483296870013754	0.953323892672471
s__Nostoc_punctiforme	0.134902662463436	0.257844327918168	0.607592025447014	0.953323892672471
s__Nostoc_sphaeroides	0.387533247557524	0.223779905764514	0.101420749592273	0.83934413455674
s__Nostoc_edaphicum	0.258471556029422	0.29226511171942	0.388831500678612	0.953323892672471
s__Nostoc_flagelliforme	-0.0363311655760826	0.492845270543764	0.942095874979958	0.968667566324753
s__Nostoc_sp._Peltigera_membranacea_cyanobiont_N6	0.155360136072876	0.400918049432142	0.703186803425724	0.953323892672471
s__Nostoc_sp._NIES-4103	-0.164729031013126	0.504697247312726	0.748111810649633	0.953323892672471
s__Nostoc_sp._Lobaria_pulmonaria_(5183)_cyanobiont	0.288521030049626	0.270956832962732	0.301847261755874	0.940037988345858
s__Nostoc_sp._CENA543	-0.628507046466107	0.303763454984824	0.0540956049738705	0.62629247882612
s__Nostoc_sp._NIES-3756	-0.604083577935979	0.270406633763288	0.0392068080233271	0.545486024672377
s__Aquihabitans_sp._G128	-0.152422253759781	0.247245991714023	0.545745318588127	0.953323892672471
s__Rubrobacter_sp._SCSIO_52915	0.228656248519404	0.198658428960637	0.26566398126197	0.940037988345858
s__Olsenella_uli	0.028628653971327	0.221563487768603	0.898706377988111	0.953323892672471
s__Arabia_massiliensis	0.0429720606088647	0.222584256199167	0.849199905700241	0.953323892672471
s__Euzebya_pacifica	0.028628653971327	0.221563487768603	0.898706377988111	0.953323892672471
s__Egibacter_rhizosphaerae	0.498146433919026	0.401870483094768	0.231974489546906	0.940037988345858
s__Miltoncostaea_oceani	0.156972080345369	0.441937346903443	0.726815258036855	0.953323892672471
s__Natronoglycomyces_albus	-0.321718812240791	0.550358673482272	0.566520021983204	0.953323892672471
s__Catenulispora_acidiphila	-0.370098844308762	0.373784408836603	0.335990383763446	0.953323892672471
s__Frankia_sp._QA3	0.237588600221477	0.3234046107664	0.472566810959909	0.953323892672471
s__Jiangella_alkaliphila	-0.259398833369545	0.54434175941442	0.639759595982389	0.953323892672471
s__Gardnerella_vaginalis	-0.37811865531432	0.609597777278737	0.54330258269596	0.953323892672471
s__Bifidobacterium_pseudolongum	0.957587611458772	0.39242484852451	0.0259257589367083	0.475785361555798
s__Streptomonospora_sp._M2	0.049504320323879	0.223320737775798	0.827208917103728	0.953323892672471
s__Nocardiopsis_dassonvillei	0.295260920548607	0.21531351102572	0.188110445035394	0.940037988345858
s__Thermomonospora_amylolytica	0.0670713059397682	0.226127916964919	0.770359164269946	0.953323892672471
s__Actinomadura_sp._NAK00032	-0.209482379492941	0.368813111875681	0.577467048874364	0.953323892672471
s__Thermobispora_bispora	-0.254022874430237	0.267144591069244	0.354988737651251	0.953323892672471
s__Nonomuraea_sp._ATCC_55076	-0.460071782603583	0.413986680844874	0.281901327794233	0.940037988345858
s__Streptosporangium_sp._caverna	0.492980797287867	0.45756061701572	0.296348689371108	0.940037988345858
s__Actinopolymorpha_singaporensis	-0.421183981668682	0.574499936999419	0.473467428000124	0.953323892672471
s__Nocardioides_sp._MC1495	0.73548679309097	0.344433164663493	0.047579505537326	0.58206072700918
s__Auraticoccus_monumenti	-0.289586824071133	0.271220084074046	0.300575707486693	0.940037988345858
s__Microlunatus_sp._KUDC0627	0.0753664836303213	0.223875583109579	0.740504929830597	0.953323892672471
s__Acidipropionibacterium_acidipropionici	0.0556737769268157	0.224170423436417	0.80683525783941	0.953323892672471
s__Cutibacterium_acnes	-1.04012522329694	0.658398939237738	0.13258287288356	0.888605702074839
s__Polymorphospora_rubra	0.0759590050459152	0.303834078751964	0.8055821875948	0.953323892672471
s__Phytohabitans_flavus	0.103658063747518	0.235654547471949	0.665570199407254	0.953323892672471
s__Plantactinospora_sp._BB1	0.334415142784076	0.226676812579586	0.158413913789846	0.902998349638611
s__Catellatospora_sp._IY07-71	0.184254454179978	0.372273997068511	0.626976200728825	0.953323892672471
s__Micromonospora_echinofusca	-0.175563228055618	0.456418753558225	0.705263444646994	0.953323892672471
s__Actinoplanes_sp._N902-109	0.435367554320689	0.378883262822633	0.266433543423809	0.940037988345858
s__Salinispora_tropica	-0.830877943323109	0.364068163939435	0.0356289945566176	0.519028418699922
s__Flaviflexus_salsibiostraticola	0.246147967020476	0.44703378771607	0.589054091903029	0.953323892672471
s__Schaalia_odontolytica	0.0482281320932026	0.555539951281122	0.931834444921386	0.964152824769301
s__Actinomyces_oris	-0.393095495017253	0.310333908036531	0.222348272005835	0.940037988345858
s__Allokutzneria_albata	0.0501156182611801	0.234681617556833	0.833440234039552	0.953323892672471
s__Kibdelosporangium_phytohabitans	0.028628653971327	0.221563487768603	0.898706377988111	0.953323892672471
s__Alloactinosynnema_sp._L-07	0.251640117692068	0.232668209992857	0.294560800883794	0.940037988345858
s__Lentzea_guizhouensis	0.152102552632724	0.195100093161124	0.446337397672996	0.953323892672471
s__Actinosynnema_pretiosum	-0.488637644894074	0.288731229985298	0.108822613888199	0.846988012381382
s__Saccharothrix_syringae	-0.209602675506026	0.299974979568579	0.494167402359215	0.953323892672471
s__Saccharopolyspora_erythraea	0.247562490715169	0.298092635238002	0.417773953984811	0.953323892672471
s__Amycolatopsis_albispora	0.577317912696482	0.424813253976298	0.19190706600189	0.940037988345858
s__Kutzneria_sp._CA-103260	-0.767830005846989	0.222696160555448	0.00307216958838396	0.317465553492387
s__Pseudonocardia_sp._AL041005-10	0.915453874763734	0.657646416567693	0.181862527489836	0.940037988345858
s__Dietzia_lutea	0.281637064566393	0.402212680078474	0.493262721139538	0.953323892672471
s__Corynebacterium_segmentosum	-0.244758361826104	0.562360240532561	0.668867767169019	0.953323892672471
s__Nocardia_cyriacigeorgica	1.1758971879338	0.629690037407263	0.0791828145353868	0.760155019539713
s__Rhodococcus_globerulus	-0.0233675708747112	0.54450640838313	0.966269211528105	0.981606818060297
s__Mycolicibacillus_koreensis	-0.0814964955416519	0.301715942766048	0.79032729290239	0.953323892672471
s__Mycobacteroides_abscessus	-0.457343265202227	0.259676693438519	0.0961784276554957	0.838646829439357
s__Mycolicibacter_minnesotensis	0.541703177663434	0.246144741160032	0.0418627956599527	0.551465819676446
s__Mycolicibacterium_aurum	0.265305660892081	0.547637119243995	0.634245511719705	0.953323892672471
s__Mycobacterium_mantenii	0.17082404169947	0.478798923695488	0.725649371534315	0.953323892672471
s__Streptacidiphilus_sp._PB12-B1b	0.281686057632168	0.281531347557795	0.331074525741799	0.953323892672471
s__Kitasatospora_sp._NA04385	-0.576949890637293	0.464216934618447	0.230794701057512	0.940037988345858
s__Streptomyces_sp._Tu_2975	-0.305349540591348	0.194945459470303	0.135694669413548	0.888605702074839
s__Georgenia_faecalis	-0.254022874430237	0.267144591069244	0.354988737651251	0.953323892672471
s__Xylanimonas_cellulosilytica	0.0580856619210267	0.236348400713639	0.808808376559565	0.953323892672471
s__Ornithinimicrobium_pratense	0.028628653971327	0.221563487768603	0.898706377988111	0.953323892672471
s__Brachybacterium_faecium	-0.15755800665633	0.265960687745522	0.561373252206328	0.953323892672471
s__Brevibacterium_sp._JNUCC-42	0.12693817502916	0.446585547047362	0.779658397804452	0.953323892672471
s__Arsenicicoccus_sp._oral_taxon_190	0.0868638449851466	0.230687030401111	0.711170864874552	0.953323892672471
s__Cellulomonas_flavigena	-0.0763020313053312	0.30472724347251	0.80528330845147	0.953323892672471
s__Dermatophilus_congolensis	-0.21544265145401	0.365034055291274	0.562821324024155	0.953323892672471
s__Rathayibacter_sp._VKM_Ac-2760	-0.273382571505614	0.276253871319809	0.336243727793858	0.953323892672471
s__Humibacter_sp._WJ7-1	-0.282257139432697	0.267610892240718	0.306309263409203	0.940037988345858
s__Clavibacter_michiganensis	0.0580856619210267	0.236348400713639	0.808808376559565	0.953323892672471
s__Microcella_alkaliphila	0.049504320323879	0.223320737775798	0.827208917103728	0.953323892672471
s__Microbacterium_caowuchunii	0.13990861868945	0.249504896241448	0.582287381079068	0.953323892672471
s__Curtobacterium_flaccumfaciens	0.0477235550264852	0.683413042058351	0.945142879936135	0.968667566324753
s__Candidatus_Aquiluna_sp._UB-MaderosW2red	-0.296968146856315	0.315351159627963	0.359533727149766	0.953323892672471
s__Agromyces_sp._G127AT	-0.774807851689763	0.382303328331433	0.0586770335964014	0.62629247882612
s__Leifsonia_xyli	0.495902756951558	0.292866544973709	0.10864642814012	0.846988012381382
s__Microterricola_viridarii	0.637990641426987	0.348710250782295	0.0849081263942607	0.783767320562407
s__Protaetiibacter_intestinalis	0.171321506362637	0.525039127803572	0.74817827120259	0.953323892672471
s__Rothia_mucilaginosa	-0.444473229435716	0.743536725600912	0.557865147922724	0.953323892672471
s__Kocuria_varians	0.21378826317891	0.481314233476721	0.662517586480595	0.953323892672471
s__Micrococcus_luteus	-0.990637148743386	1.03909430758776	0.353764941422536	0.953323892672471
s__Arthrobacter_sp._KBS0702	-0.547082928400335	0.20831044869658	0.0176903623831515	0.40435114018632
s__Ndongobacter_massiliensis	0.065522075293395	0.238108259171029	0.786496309825081	0.953323892672471
s__endosymbiont_TC1_of_Trimyema_compressum	-0.049091403784883	0.186551128718328	0.795595899266394	0.953323892672471
s__Turicibacter_sp._H121	0.368287793874089	0.236262850247912	0.137463458272132	0.888605702074839
s__Intestinibaculum_porci	0.049504320323879	0.223320737775798	0.827208917103728	0.953323892672471
s__Erysipelothrix_rhusiopathiae	-0.291377279094387	0.231611345187122	0.225381641990018	0.940037988345858
s__Longicatena_caecimuris	-0.233484282740665	0.267661333765611	0.395191791494529	0.953323892672471
s__Amedibacterium_intestinale	0.126425466886985	0.341587655762642	0.715870244552571	0.953323892672471
s__Faecalibacillus_intestinalis	0.07480996764071	0.409150478324537	0.857084672014446	0.953323892672471
s__[Clostridium]_innocuum	0.290194681328881	0.477895942608154	0.551720839982681	0.953323892672471
s__Phascolarctobacterium_faecium	0.249432038120712	0.428518945840325	0.568153158566819	0.953323892672471
s__Dialister_pneumosintes	0.212767160865311	0.196325376389217	0.293608546040309	0.940037988345858
s__Veillonella_parvula	-0.648484995452608	0.604144854515875	0.298095658418725	0.940037988345858
s__Pectinatus_frisingensis	-0.243735473110169	0.231358115190084	0.306856680656047	0.940037988345858
s__Selenomonas_sp._oral_taxon_136	0.239149836439419	0.208718756301514	0.267752003524868	0.940037988345858
s__Megamonas_funiformis	0.221335484512524	0.344331053907986	0.528930055319279	0.953323892672471
s__Methylomusa_anaerophila	0.0360316467393484	0.22198746852278	0.872972358113675	0.953323892672471
s__Pelosinus_sp._UFO1	0.626907312320433	0.361824309761313	0.101262652151779	0.83934413455674
s__Ezakiella_massiliensis	0.0991439794079297	0.278704471865752	0.726417494313769	0.953323892672471
s__Sedimentibacter_sp._zth1	0.147028144501225	0.244733482832406	0.555920127359125	0.953323892672471
s__Gottschalkia_acidurici	0.353594494645594	0.550226763038414	0.529034178468066	0.953323892672471
s__Helcococcus_kunzii	0.10006457159603	0.194661303117951	0.6138381015492	0.953323892672471
s__Peptoniphilus_harei	-0.0992171271205534	0.263233853971665	0.710899346464168	0.953323892672471
s__Finegoldia_magna	-0.294437336999943	0.364524891136564	0.430404425006616	0.953323892672471
s__Parvimonas_micra	0.196944860318972	0.299953194051503	0.520237352080896	0.953323892672471
s__Anaerococcus_prevotii	0.362795368346174	0.445057983647191	0.426251825690951	0.953323892672471
s__Schnuerera_ultunensis	0.627667962200248	0.273698000117494	0.0348507543954654	0.519028418699922
s__Tissierellia_sp._JN-28	0.0228267549999913	0.334271990008585	0.946353179014189	0.968667566324753
s__Keratinibaculum_paraultunense	4.01633504472431	0.732759278898982	4.05678293750584e-05	0.0389451162000561
s__Koleobacter_methoxysyntrophicus	0.028628653971327	0.221563487768603	0.898706377988111	0.953323892672471
s__Biomaibacter_acetigenes	-0.0600680746728229	0.233996003779267	0.800487033423157	0.953323892672471
s__Tepidanaerobacter_acetatoxydans	-0.067368857449575	0.183559894312706	0.718137949555137	0.953323892672471
s__Natranaerobius_thermophilus	0.135415653808574	0.221544623926954	0.549131341099427	0.953323892672471
s__Anoxybacter_fermentans	0.0538153854917381	0.262904650853535	0.840240818511743	0.953323892672471
s__Halothermothrix_orenii	-0.0333109957333702	0.239262088693668	0.890909289790981	0.953323892672471
s__Halanaerobium_praevalens	0.131783728892735	0.433140586249863	0.764628971561899	0.953323892672471
s__Halocella_sp._SP3-1	0.133285459994066	0.292736099573485	0.654648139579235	0.953323892672471
s__Acetohalobium_arabaticum	0.476489071305622	0.231070459207227	0.0548263010644847	0.62629247882612
s__Halobacteroides_halobius	0.198849850693196	0.23398896772415	0.407231596686025	0.953323892672471
s__Mahella_australiensis	-0.243735473110169	0.231358115190084	0.306856680656047	0.940037988345858
s__Ammonifex_degensii	0.1135737692856	0.292366136703829	0.702494509581482	0.953323892672471
s__Caldanaerobacter_subterraneus	0.111891655614387	0.253244563119637	0.664179417790987	0.953323892672471
s__Thermoanaerobacter_italicus	0.160436483314312	0.401123596563979	0.69416120286617	0.953323892672471
s__Carboxydothermus_hydrogenoformans	0.343035901370319	0.371078364180977	0.368199252637991	0.953323892672471
s__Thermodesulfobium_narugense	-0.315999148014641	0.221207892447668	0.171259185479941	0.933769242613027
s__Caldicellulosiruptor_owensensis	0.117345671741325	0.587618385727415	0.844086708430874	0.953323892672471
s__Thermoanaerobacterium_thermosaccharolyticum	0.410168752912305	0.508600033545153	0.431112236198056	0.953323892672471
s__Thermaerobacter_marianensis	-0.274347416925561	0.263916023897827	0.313120344339853	0.942305738452223
s__Fenollaria_sp._EMRHCC_24	-0.257880881503031	0.234932168595258	0.287648166526934	0.940037988345858
s__Alkalicella_caledoniensis	0.269202731906856	0.206351328890442	0.209420188635086	0.940037988345858
s__Christensenella_sp._Marseille-P3954	0.215935226510855	0.506268028624299	0.675078579626389	0.953323892672471
s__Candidatus_Formimonas_warabiya	-0.113893514469992	0.204703936420056	0.585200052829624	0.953323892672471
s__Desulfitobacterium_dichloroeliminans	-0.120162772283887	0.209589413318123	0.573931582981389	0.953323892672471
s__Thermoanaerosceptrum_fracticalcis	0.0615186190321282	0.225111940706042	0.787930135809796	0.953323892672471
s__Desulfofarcimen_acetoxidans	0.0585103500271977	0.281317060917326	0.837710309658176	0.953323892672471
s__Desulfosporosinus_orientis	-0.137161857320185	0.231278563226381	0.5609492950387	0.953323892672471
s__Desulfotomaculum_reducens	0.258910027523882	0.204805892650514	0.223227040031196	0.940037988345858
s__Desulfallas_gibsoniae	0.288264781265588	0.21273615221512	0.193140258404393	0.940037988345858
s__Caloranaerobacter_azorensis	-0.240037184315863	0.710049680583495	0.73945917060903	0.953323892672471
s__Eubacterium_sp._NSJ-61	0.114988260467748	0.373223755994486	0.76175328859574	0.953323892672471
s__Acetobacterium_woodii	0.0869231024764877	0.342368410053915	0.802627610238738	0.953323892672471
s__Candidatus_Syntrophocurvum_alkaliphilum	0.162963314693607	0.256652200775232	0.533909431389832	0.953323892672471
s__Aminipila_terrae	0.169805070693853	0.240552131019183	0.489813513746746	0.953323892672471
s__Mogibacterium_diversum	0.138481561116211	0.283037919986247	0.630904466057866	0.953323892672471
s__Petrocella_atlantisensis	-0.264267756464755	0.236837836577969	0.280025062172982	0.940037988345858
s__Vallitalea_pronyensis	-0.0258219158958422	0.299156495805618	0.932223920233827	0.964152824769301
s__Dysosmobacter_sp._Marseille-Q4140	0.141441440012084	0.30758308497236	0.651451920808645	0.953323892672471
s__Oscillibacter_sp._MM50	0.049504320323879	0.223320737775798	0.827208917103728	0.953323892672471
s__Fastidiosipila_sanguinis	0.102606638462403	0.255138734399792	0.692577469549442	0.953323892672471
s__Monoglobus_pectinilyticus	0.373640700937268	0.258103738353039	0.165909140354142	0.926004504302186
s__Thermoclostridium_stercorarium	-0.381229646334603	0.351821935718368	0.293677811571116	0.940037988345858
s__Ruminococcus_sp._JE7A12	-0.207216455266246	0.362604748004651	0.575161924950548	0.953323892672471
s__Pseudoclostridium_thermosuccinogenes	0.225183499644578	0.274272852945441	0.422999381152357	0.953323892672471
s__Ruminiclostridium_herbifermentans	0.293799010706071	0.387992688699286	0.459280804057328	0.953323892672471
s__Acetivibrio_saccincola	0.308297940722535	0.410097708830151	0.462473080083656	0.953323892672471
s__Faecalibacterium_prausnitzii	0.296662215804081	0.45295010832288	0.521260690742391	0.953323892672471
s__Faecalicatena_sp._Marseille-Q4148	-0.306179242854203	0.301142630222728	0.323536858080205	0.953323892672471
s__Pseudobutyrivibrio_xylanivorans	-0.441007122232807	0.448489467014167	0.339240277518649	0.953323892672471
s__Lacrimispora_saccharolytica	-0.0849557406816169	0.233174221466135	0.720093159675144	0.953323892672471
s__Enterocloster_bolteae	-0.271717485865729	0.216023454672952	0.225462577525395	0.940037988345858
s__Coprococcus_sp._ART55/1	0.0851265666136177	0.261380217780984	0.748640176945116	0.953323892672471
s__Anaerobutyricum_hallii	0.303866311920748	0.24769923011202	0.236634469227304	0.940037988345858
s__Herbinix_luporum	0.0514840059152911	0.27287682316775	0.852584508313806	0.953323892672471
s__Butyrivibrio_fibrisolvens	0.25623418837585	0.23633250230298	0.293409103390014	0.940037988345858
s__Anaerostipes_hadrus	-0.0125154303030509	0.370742440460289	0.973463527082155	0.984747087459292
s__Anaerocolumna_cellulosilytica	0.210179809191716	0.393597248878609	0.60025742613503	0.953323892672471
s__[Ruminococcus]_torques	0.184291723529514	0.501223534946999	0.717646797175773	0.953323892672471
s__Roseburia_hominis	0.205085385396	0.395596022003254	0.610846446958886	0.953323892672471
s__Lachnoclostridium_phytofermentans	-0.0118765192432816	0.43830216307598	0.978698198125648	0.987960326183619
s__Cellulosilyticum_lentocellum	0.573273698108857	0.428910309776458	0.198973504794044	0.940037988345858
s__Blautia_producta	1.06910932683386	0.485984825947511	0.0419343800378964	0.551465819676446
s__Lachnoanaerobaculum_umeaense	0.513133103520097	0.51200725416098	0.330300306742825	0.953323892672471
s__Peptoclostridium_acidaminophilum	0.028628653971327	0.221563487768603	0.898706377988111	0.953323892672471
s__Acetoanaerobium_sticklandii	-0.276911156204435	0.224262858406562	0.233714553081159	0.940037988345858
s__Filifactor_alocis	0.339332916135304	0.225392127388668	0.150543948670127	0.888605702074839
s__Paraclostridium_bifermentans	0.291786854214272	0.324058124598748	0.380478145358079	0.953323892672471
s__Peptacetobacter_hiranonis	0.368549197948927	0.35968996851239	0.31989775831457	0.953323892672471
s__Paeniclostridium_sordellii	-0.0640046564597518	0.594278582733454	0.91549343452912	0.958422788601914
s__Clostridioides_difficile	-0.482016503643568	0.266006510760955	0.0876804131322031	0.786665388849673
s__Romboutsia_sp._CE17	-0.123030660809865	0.449158318788618	0.787451230388047	0.953323892672471
s__Caloramator_sp._E03	0.285475404433195	0.257161121869504	0.282410669878742	0.940037988345858
s__Geosporobacter_ferrireducens	-0.0263793272455258	0.327058900579901	0.936657310675493	0.965833531953248
s__Hungatella_hathewayi	0.363179464898617	0.321831566083248	0.274792949782181	0.940037988345858
s__Candidatus_Arthromitus_sp._SFB-rat-Yit	0.462710036056713	0.372818797166409	0.231418265040689	0.940037988345858
s__Sarcina_sp._JB2	0.255884714505264	0.321141846548715	0.436556548936631	0.953323892672471
s__Hathewaya_histolytica	0.395148543654408	0.401248557572606	0.338533094820167	0.953323892672471
s__Crassaminicella_sp._SY095	0.323506079706658	0.467885888055713	0.498635443150682	0.953323892672471
s__Alkaliphilus_sp._B6464	0.318593906967347	0.523386081292966	0.550760207388549	0.953323892672471
s__Serpentinicella_alkaliphila	0.109608591484248	0.761611233197061	0.887258495779501	0.953323892672471
s__Clostridium_botulinum	-0.566112496304766	0.377708380220784	0.152263393947249	0.888605702074839
s__Suicoccus_acidiformans	-0.493085346031931	0.612068387292243	0.431595394141622	0.953323892672471
s__Aerococcus_christensenii	0.0466810074259086	0.244173057429297	0.850649269649996	0.953323892672471
s__Marinilactibacillus_sp._15R	-0.289586824071133	0.271220084074046	0.300575707486693	0.940037988345858
s__Carnobacterium_maltaromaticum	-0.0561819935765761	0.373959603982356	0.882346969726466	0.953323892672471
s__Dolosigranulum_pigrum	0.369732665831599	0.313069094229649	0.253864868313417	0.940037988345858
s__Jeotgalibaca_porci	1.49307838976798	0.527335878326136	0.0115185986772275	0.372213781863023
s__Tetragenococcus_osmophilus	-0.298451704884117	0.258491832021436	0.264231671363735	0.940037988345858
s__Vagococcus_carniphilus	-0.37739344101282	0.329025085507462	0.267267041892334	0.940037988345858
s__Melissococcus_plutonius	0.107607275795961	0.257481844979773	0.681235546371116	0.953323892672471
s__Enterococcus_faecium	-0.678093426148911	0.289721828132871	0.0317093292231486	0.519028418699922
s__Apilactobacillus_bombintestini	-0.243735473110169	0.231358115190084	0.306856680656047	0.940037988345858
s__Oenococcus_oeni	0.049504320323879	0.223320737775798	0.827208917103728	0.953323892672471
s__Levilactobacillus_brevis	0.318901678556346	0.241806873430744	0.204717490358863	0.940037988345858
s__Loigolactobacillus_coryniformis	-0.0972161739314176	0.244766054659509	0.696177025791669	0.953323892672471
s__Liquorilactobacillus_hordei	-0.279226969248332	0.20698422131286	0.195024595923263	0.940037988345858
s__Lentilactobacillus_hilgardii	0.107487946189463	0.236921877958305	0.655793541272395	0.953323892672471
s__Fructilactobacillus_sanfranciscensis	-0.442103470761478	0.333542982830456	0.202551159115827	0.940037988345858
s__Paucilactobacillus_oligofermentans	-0.116810258499612	0.41912043948783	0.783834345741439	0.953323892672471
s__Lacticaseibacillus_rhamnosus	0.267291324151161	0.255202130444863	0.309592244384841	0.940533400662808
s__Leuconostoc_mesenteroides	0.564480696300631	0.328747730314019	0.10412929072154	0.84400921503855
s__Companilactobacillus_alimentarius	0.538338098103444	0.234034694988298	0.0343699374214344	0.519028418699922
s__Weissella_soli	0.0881348807137998	0.310983229238125	0.780287099795346	0.953323892672471
s__Ligilactobacillus_salivarius	-0.0033448207215846	0.323754531838954	0.991877198234717	0.996027312034862
s__Pediococcus_pentosaceus	0.550886291221435	0.348390355009905	0.132250184839404	0.888605702074839
s__Lactiplantibacillus_plantarum	-0.0347879809372119	0.414050535597801	0.93402304899526	0.964152824769301
s__Latilactobacillus_sakei	-0.712376290563097	0.47700956626051	0.153654735983774	0.888605702074839
s__Lactobacillus_kullabergensis	-0.343795268313833	0.257192741953178	0.198928559684	0.940037988345858
s__Limosilactobacillus_fermentum	-0.622950716193934	0.257523740548641	0.0270646648652362	0.479966107160908
s__Streptococcus_pneumoniae	-0.761243274170222	0.265730604773087	0.0107351089305546	0.372213781863023
s__Lactococcus_cremoris	-0.00024570293219346	1.12376383424682	0.999828093487238	0.999950678778671
s__Polycladomyces_abyssicola	0.049504320323879	0.223320737775798	0.827208917103728	0.953323892672471
s__Staphylospora_marina	-0.0896766519912597	0.211231552813801	0.676494890430624	0.953323892672471
s__Exiguobacterium_alkaliphilum	0.255996225586894	0.253501145814696	0.326729056106149	0.953323892672471
s__Exiguobacterium_sp._Helios	0.0556737769268157	0.224170423436417	0.80683525783941	0.953323892672471
s__Alicyclobacillus_ferrooxydans	-0.866012410394492	0.312593416251924	0.0130950570781633	0.392851712344898
s__Brochothrix_thermosphacta	-0.119160905852736	0.261093342996059	0.65388504538385	0.953323892672471
s__Listeria_monocytogenes	0.444834075586289	0.558146074193305	0.43645000642893	0.953323892672471
s__Ureibacillus_thermophilus	-0.218803518765392	0.253612951105916	0.400284990560625	0.953323892672471
s__Solibacillus_silvestris	-0.354725878283287	0.233610926590828	0.147279380489332	0.888605702074839
s__Paenisporosarcina_antarctica	0.0685311690658833	0.223513352610272	0.762864702798845	0.953323892672471
s__Jeotgalibacillus_malaysiensis	0.049504320323879	0.223320737775798	0.827208917103728	0.953323892672471
s__Kurthia_zopfii	-0.0676888198471234	0.212819398108738	0.754315078774437	0.953323892672471
s__Planococcus_versutus	0.409852145903581	0.252210994336986	0.122548742164085	0.879522715614731
s__Rummeliibacillus_stabekisii	0.294682559854904	0.206811118606487	0.172290363267302	0.933769242613027
s__Planomicrobium_glaciei	0.669553141212584	0.207457926599354	0.00494680422388153	0.317465553492387
s__Viridibacillus_sp._JNUCC-6	0.232622429361033	0.269466183441237	0.400004110488318	0.953323892672471
s__Sporosarcina_ureae	0.613606901824518	0.389413857956133	0.13351612927247	0.888605702074839
s__Gemella_sanguinis	0.362663701600021	0.227333186066363	0.12906712242033	0.888605702074839
s__Gemella_morbillorum	0.201562641914403	0.356894012748729	0.579607830651925	0.953323892672471
s__Gemella_haemolysans	0.302890508316552	0.469140700749865	0.527139293259824	0.953323892672471
s__Gemella_sp._zg-570	0.17812498540819	0.304760409407758	0.566576950513113	0.953323892672471
s__Aneurinibacillus_sp._XH2	0.346268170169461	0.251851700154018	0.18701747432391	0.940037988345858
s__Saccharibacillus_brassicae	-0.273789529151679	0.456446105239894	0.55653178084791	0.953323892672471
s__Brevibacillus_laterosporus	-0.243666988277397	0.53238042957712	0.652968341558432	0.953323892672471
s__Cohnella_abietis	-0.755995023287163	0.287611390293644	0.0176082702294417	0.40435114018632
s__Paenibacillus_yonginensis	-0.470505553970196	0.197059642385009	0.0288385418220238	0.494375002663265
s__Parageobacillus_toebii	-1.97981097717122	0.684630000024598	0.0101372317389562	0.372213781863023
s__Sediminibacillus_sp._DP4-553-S	-0.121296507238013	0.204244080738957	0.560412537820114	0.953323892672471
s__Salimicrobium_jeotgali	0.0360316467393484	0.22198746852278	0.872972358113675	0.953323892672471
s__Radiobacillus_deserti	0.0429720606088647	0.222584256199167	0.849199905700241	0.953323892672471
s__Paraliobacillus_zengyii	0.388246982659247	0.300622806912914	0.213823250408355	0.940037988345858
s__Aeribacillus_pallidus	-0.165835380928532	0.373842855577158	0.662928377988663	0.953323892672471
s__Pradoshia_sp._D12	0.2334848831954	0.199586230254467	0.258203862915394	0.940037988345858
s__Anaerobacillus_isosaccharinicus	0.279874484552448	0.208834550633615	0.197827270476139	0.940037988345858
s__Bacillus_cohnii	-0.0576043357722522	0.253311143873955	0.822820844932247	0.953323892672471
s__Metabacillus_sp._KUDC1714	-0.0471930401913004	0.35775876513842	0.896601760542948	0.953323892672471
s__Anoxybacillus_caldiproteolyticus	0.500120556965719	0.264505787925788	0.0758236020107482	0.742761815615493
s__Halobacillus_litoralis	-0.0878680337809851	0.276091402191793	0.754166400123373	0.953323892672471
s__Alkalihalobacillus_krulwichiae	-0.48585780591873	0.345773796074428	0.17799261495506	0.940037988345858
s__Rossellomorea_vietnamensis	-0.239467105142263	0.435901671891816	0.589902436551215	0.953323892672471
s__Pontibacillus_sp._ALD_SL1	0.415784627240118	0.366669224154769	0.272553506161146	0.940037988345858
s__Lederbergia_lentus	-0.131988768901128	0.403821105694427	0.747771552440849	0.953323892672471
s__Mesobacillus_foraminis	0.0973022736304169	0.309432074032275	0.757002363916503	0.953323892672471
s__Neobacillus_cucumis	0.0265407055337284	0.301575649462634	0.930899681384672	0.964152824769301
s__Weizmannia_coagulans	0.403564901087785	0.232643242588686	0.100887504063896	0.83934413455674
s__Lentibacillus_sp._CBA3610	-0.0989530507692054	0.292374193124489	0.739170713504161	0.953323892672471
s__Fictibacillus_arsenicus	0.372774604373437	0.381337242135083	0.342005981961368	0.953323892672471
s__Heyndrickxia_oleronia	0.125872920043481	0.316000299385231	0.69534395643156	0.953323892672471
s__Psychrobacillus_glaciei	0.433531299347358	0.284948966978101	0.14653321623641	0.888605702074839
s__Caldibacillus_thermoamylovorans	-0.0730209048056255	0.345030337493758	0.834907330514613	0.953323892672471
s__Niallia_circulans	0.203660507633199	0.37540976881478	0.594514049297358	0.953323892672471
s__Gracilibacillus_sp._SCU50	-0.0252239910657686	0.452529535353128	0.956198814150603	0.974470129070678
s__Evansella_cellulosilytica	0.318349525380393	0.369389199768098	0.400776524055242	0.953323892672471
s__Oceanobacillus_kimchii	-0.0681820816735098	0.552450176403341	0.903223841983373	0.95495031751546
s__Cytobacillus_oceanisediminis	-0.189178324841646	0.569222421752332	0.743691447034942	0.953323892672471
s__Peribacillus_simplex	0.278281191841561	0.504036771012475	0.588062048719091	0.953323892672471
s__Lysinibacillus_sphaericus	-0.0897847436626395	0.600747312900283	0.882953285938172	0.953323892672471
s__Virgibacillus_necropolis	0.634550126433913	0.570578751806217	0.281568380677513	0.940037988345858
s__Priestia_megaterium	-0.54548904249492	0.184736592928631	0.00890635556661833	0.372213781863023
s__Amphibacillus_xylanus	-0.598451129400128	0.295114860903523	0.0585454484782795	0.62629247882612
s__Bacillus_thuringiensis	-0.622238458331428	0.190496917517479	0.00454820010243348	0.317465553492387
s__Abyssicoccus_albus	0.0724918540432156	0.239933118694558	0.766215371217501	0.953323892672471
s__Nosocomiicoccus_ampullae	-0.277354604763233	0.183273567299988	0.148563122385057	0.888605702074839
s__Jeotgalicoccus_sp._WY2	0.32191382800697	0.298778349640438	0.296338848278586	0.940037988345858
s__Macrococcus_canis	0.47639293930619	0.521205556280399	0.37348790978238	0.953323892672471
s__Mammaliicoccus_lentus	0.739901315278797	0.635621349412631	0.260477130798624	0.940037988345858
s__Staphylococcus_aureus	-0.794189904099302	0.264353858137533	0.00798172355137999	0.364878790920228
s__Candidatus_Nanosynbacter_lyticus	0.046207266290083	0.307689080771406	0.882393794972406	0.953323892672471
s__Nibribacter_ruber	0.0348421243860097	0.314984978214471	0.913216913181147	0.958422788601914
s__Denitratisoma_oestradiolicum	-0.307767095815464	0.354787099043058	0.397764596206343	0.953323892672471
s__Orrella_dioscoreae	-0.337473798868247	0.362233157971902	0.3645616274528	0.953323892672471
s__Sodalis_sp._dw_23	-0.379337881082984	0.404343594566864	0.361302331224896	0.953323892672471
s__Phytobacter_ursingii	0.35850783641189	0.44578194265411	0.43237172548114	0.953323892672471
s__Fannyhessea_vaginae	0.0855459364951171	0.331329719568519	0.799360259073593	0.953323892672471
s__Gordonia_sp._YC-JH1	0.156136356076011	0.379729883420684	0.686079323101468	0.953323892672471
s__Lawsonella_clevelandensis	-0.0528741588457806	0.508343615362748	0.918376578974964	0.960393808078394
s__Janibacter_indicus	-0.190686922609439	0.667437726323543	0.778559895564763	0.953323892672471
s__Thermanaeromonas_toyohensis	0.0281060552952944	0.310771739799418	0.928994987000104	0.964152824769301
s__Exiguobacterium_sp._PFWT01	0.107813709571585	0.345938765365201	0.759092037236508	0.953323892672471
s__Exiguobacterium_sp._AT1b	0.120511874148077	0.354560008735551	0.738101694045053	0.953323892672471
s__Geobacillus_sp._WCH70	-1.07199857115743	0.61024223119836	0.0969685396539256	0.838646829439357
