Representative_ASV	Beta	SE	P	FDR_BH
s__Caldisericum_exile	0.0333633486690974	0.256210551781869	0.897922027877329	0.985911850265357
s__Candidatus_Endomicrobium_trichonymphae	0.178174660249952	0.285403596215655	0.540725333020575	0.908070197109259
s__Elusimicrobium_minutum	0.373180785266424	0.220241640132193	0.108425591315702	0.623118070701876
s__Aminobacterium_colombiense	0.116246549811534	0.227503732044332	0.615946933061195	0.914999467934896
s__Thermodesulfovibrio_yellowstonii	0.133181532882348	0.225937451626639	0.563304085735876	0.908070197109259
s__Dissulfurispira_thermophila	-0.00172230958422833	0.443983616563439	0.996949997702319	0.998044935160228
s__Thermodesulfobacterium_geofontis	-0.218501329408232	0.220961156189369	0.336594691139974	0.891392910524647
s__Thermodesulfatator_indicus	-0.083453414970831	0.207424557689998	0.692453839897168	0.928866896312224
s__Candidatus_Chazhemtobacterium_aquaticus	0.261422838970878	0.354203414093604	0.470545491110582	0.908070197109259
s__Candidatus_Babela_massiliensis	0.547108294394634	0.246763210147088	0.0405328958775983	0.623118070701876
s__Candidatus_Saccharimonas_aalborgensis	-0.140959345619121	0.218409417738295	0.527289693915342	0.908070197109259
s__Kiritimatiella_glycovorans	0.373180785266424	0.220241640132193	0.108425591315702	0.623118070701876
s__Fibrobacter_succinogenes	0.391904331927916	0.221718841273312	0.0950756428009513	0.623118070701876
s__Melioribacter_roseus	0.0445179687276496	0.254100218768392	0.862993468681534	0.979283368716634
s__Ignavibacterium_album	0.396368373509122	0.227114338232142	0.0989911391350578	0.623118070701876
s__Atribacter_laminatus	0.0970495644208849	0.373145175780429	0.7979218674749	0.966607077809074
s__Geovibrio_thiophilus	0.395271625764555	0.274516679677849	0.168062437646353	0.700877236463876
s__Calditerrivibrio_nitroreducens	0.0229086805443667	0.258360812655342	0.930380911397681	0.985911850265357
s__Flexistipes_sinusarabici	0.28242995511019	0.24793093594602	0.27043953564411	0.832413494543995
s__Deferribacter_desulfuricans	-0.220247580606266	0.388973416755041	0.578637876107744	0.908070197109259
s__Thermotomaculum_hydrothermale	0.00945710376387971	0.207492851641516	0.964177748280356	0.987981424274289
s__Granulicella_tundricola	0.260501180778098	0.387666038849813	0.510630713487561	0.908070197109259
s__Candidatus_Solibacter_usitatus	-0.324115677725497	0.216593346893139	0.152877704942465	0.700877236463876
s__Dictyoglomus_thermophilum	-0.847464685545004	0.481112992731812	0.0961324285143542	0.623118070701876
s__Persephonella_marina	0.376832541336712	0.238029567321525	0.131816198941714	0.68116739417339
s__Sulfurihydrogenibium_sp._YO3AOP1	-0.701743385808414	0.446543190099527	0.134491357931709	0.683176082927003
s__Hydrogenobacter_thermophilus	0.383110836015488	0.220584319023833	0.100506248487	0.623118070701876
s__Hydrogenobaculum_sp._Y04AAS1	0.0857988610588136	0.265622777717585	0.750626665118229	0.945030172695816
s__Aquifex_aeolicus	-0.589006773924746	0.353691833387951	0.114170312205341	0.623118070701876
s__Chlamydia_gallinacea	0.820480279831001	0.305621494207854	0.0156695183969894	0.623118070701876
s__Candidatus_Protochlamydia_naegleriophila	0.308404268220814	0.224450724465623	0.187276106043092	0.720420662199517
s__Neochlamydia_sp._S13	0.395950761077747	0.222500093355942	0.0930318140624393	0.623118070701876
s__Simkania_negevensis	0.343402958633274	0.339928187044007	0.326552415597246	0.890597497083398
s__Humisphaera_borealis	0.25255627629043	0.248745239951726	0.324186229022474	0.890482984578174
s__Candidatus_Kuenenia_stuttgartiensis	-0.019360604343789	0.21020624253422	0.927692940866152	0.985911850265357
s__Paludisphaera_borealis	0.187473903140506	0.288592936849952	0.524623006439879	0.908070197109259
s__Isosphaera_pallida	0.465140963517409	0.271185994757246	0.104475235910868	0.623118070701876
s__Aquisphaera_giovannonii	0.444728010218412	0.245559833812258	0.0878361237468473	0.623118070701876
s__Crateriforma_conspicua	0.0220992504154817	0.261092690981866	0.93353528322001	0.985911850265357
s__Gimesia_alba	0.39651912430377	0.644443992409341	0.546513353088945	0.908070197109259
s__Pirellulimonas_nuda	0.0333633486690974	0.256210551781869	0.897922027877329	0.985911850265357
s__Botrimarina_mediterranea	-0.398765077727047	0.408668523576769	0.34286184317106	0.891392910524647
s__Stieleria_neptunia	0.387633169664344	0.221070879287462	0.0975382602171836	0.623118070701876
s__Rubripirellula_lacrimiformis	0.387633169664344	0.221070879287462	0.0975382602171836	0.623118070701876
s__Pirellula_sp._SH-Sr6A	0.0828910353261243	0.244592219980065	0.738838999312015	0.944454646257702
s__Lignipirellula_cremea	0.686832539830498	0.400995137980686	0.104922837657582	0.623118070701876
s__Aureliella_helgolandensis	0.413497455968298	0.22772380511633	0.0870826261821661	0.623118070701876
s__Roseimaritima_ulvae	-0.233155873606204	0.344154681387675	0.5072211784407	0.908070197109259
s__Tuwongella_immobilis	0.465140963517409	0.271185994757246	0.104475235910868	0.623118070701876
s__Limnoglobus_roseus	0.322067880047977	0.485053305680729	0.515605388525421	0.908070197109259
s__Gemmata_massiliana	-0.431413671519561	0.487983811348102	0.388988812995321	0.908070197109259
s__Urbifossiella_limnaea	0.327765146864028	0.571665066200628	0.573913656609258	0.908070197109259
s__Ereboglobus_luteus	-0.0254007980167501	0.273230061343967	0.927018283808518	0.985911850265357
s__Luteolibacter_sp._32A	0.0912838514150466	0.228218197701917	0.694148716177779	0.928866896312224
s__Verrucomicrobium_spinosum	0.16451411967581	0.260929856661188	0.536757175936389	0.908070197109259
s__Roseimicrobium_sp._ORNL1	-0.297995221807448	0.414289373126085	0.48173250724618	0.908070197109259
s__Akkermansia_muciniphila	-0.168936343456469	0.387750014295781	0.668547901377196	0.928866896312224
s__Methylacidiphilum_kamchatkense	-0.570972979681934	0.231341229774277	0.0244932368203092	0.623118070701876
s__Leptospira_interrogans	-0.11336458509046	0.608965070898041	0.854523053973399	0.979283368716634
s__Brachyspira_murdochii	-0.155731335406005	0.483350490187809	0.751236072777762	0.945030172695816
s__Sphaerochaeta_pleomorpha	0.148441847259141	0.242872686563121	0.549158622012768	0.908070197109259
s__Thiospirochaeta_perfilievii	-0.463051950566074	0.374484197503139	0.233082071269845	0.819629261608247
s__Spirochaeta_thermophila	-0.316703731651649	0.480358791900569	0.518531071302535	0.908070197109259
s__Treponema_ruminis	-0.438928271907475	0.153754160150252	0.0109638894417499	0.623118070701876
s__Borreliella_burgdorferi	-0.326736308873513	0.252520677069342	0.213003713119574	0.779645587413067
s__Borrelia_crocidurae	-0.249350200781481	0.246272237891311	0.325494661344999	0.890482984578174
s__Sneathia_vaginalis	-0.422913034624838	0.203393362719462	0.053040763808716	0.623118070701876
s__Sebaldella_termitidis	-0.222911641680369	0.320176684296782	0.495704044673275	0.908070197109259
s__Pseudoleptotrichia_goodfellowii	-0.138957156596402	0.272990592603785	0.617282461787402	0.914999467934896
s__Streptobacillus_moniliformis	-0.196513700430949	0.312809507164156	0.538207878753536	0.908070197109259
s__Leptotrichia_buccalis	-0.648939100574949	0.806516466764566	0.432148516444348	0.908070197109259
s__Ilyobacter_polytropus	-0.075917600874423	0.239360372134474	0.754977757768759	0.945030172695816
s__Fusobacterium_ulcerans	-0.90516155302122	0.535084632586658	0.108965681815701	0.623118070701876
s__Defluviitoga_tunisiensis	0.111509589964108	0.264696013162042	0.67883320249018	0.928866896312224
s__Petrotoga_mobilis	-0.200138016525946	0.233750538573171	0.403792821277556	0.908070197109259
s__Tepiditoga_spiralis	-0.65726919237521	0.290604111545213	0.0371090991650415	0.623118070701876
s__Fervidobacterium_nodosum	-0.00798983317879163	0.268425625768944	0.976600698867275	0.990007044258272
s__Thermosipho_melanesiensis	-0.0166656107858692	0.276560642633048	0.952651122122105	0.987981424274289
s__Thermotoga_profunda	-0.250807273838637	0.418239324565331	0.556632561769871	0.908070197109259
s__Gemmatirosa_kalamazoonesis	0.185053119426133	0.513037998679341	0.722766284082724	0.942738631412249
s__Candidatus_Cloacimonas_acidaminovorans	-0.187289376820222	0.383510710643807	0.631537963435594	0.914999467934896
s__Chlorobaculum_limnaeum	0.240508402742205	0.290856339156249	0.419750781295377	0.908070197109259
s__Chlorobium_phaeobacteroides	0.123055881734089	0.383743955634752	0.752367351450988	0.945030172695816
s__Prosthecochloris_sp._HL-130-GSB	0.141513999656027	0.53212860266479	0.793484234041702	0.966607077809074
s__Salinibacter_ruber	0.258697715922614	0.253609816067134	0.321997157203966	0.890482984578174
s__Haliscomenobacter_hydrossis	0.569182148694561	0.42930699840681	0.202441068139464	0.751332655282742
s__Paraflavitalea_soli	0.0456749310702516	0.25626327468024	0.860645590295415	0.979283368716634
s__Niabella_ginsenosidivorans	0.0220992504154817	0.261092690981866	0.93353528322001	0.985911850265357
s__Phnomibacter_ginsenosidimutans	0.0906551489992352	0.376355042858825	0.812531775089377	0.973484722918179
s__Filimonas_lacunae	0.142209500113028	0.226583034657662	0.538588600864655	0.908070197109259
s__Pseudobacter_ginsenosidimutans	0.101547154630018	0.242502313552135	0.680643754707305	0.928866896312224
s__Pseudocnuella_soli	-0.582233468430248	0.611577284795858	0.354427872541325	0.891392910524647
s__Niastella_koreensis	0.0738197099534074	0.365284493798587	0.84224634563438	0.979283368716634
s__Panacibacter_ginsenosidivorans	-0.2556358552876	0.230335720069091	0.282520840960477	0.838462515908161
s__Flavisolibacter_tropicus	0.201005966046239	0.503447383223271	0.694673349394842	0.928866896312224
s__Arachidicoccus_ginsenosidivorans	0.0314052294206097	0.527190660072353	0.953192071537583	0.987981424274289
s__Chitinophaga_sp._KRA15-503	-0.476585744929417	0.257010055605815	0.0811208486191123	0.623118070701876
s__Anseongella_ginsenosidimutans	0.192190476564811	0.661105581341999	0.774789301549637	0.954116577491998
s__Pseudopedobacter_saltans	-0.303743105916081	0.248856678064058	0.238915147826992	0.826673757390392
s__Solitalea_canadensis	0.525434122037197	0.23876000413326	0.0418686919420919	0.623118070701876
s__Pedobacter_heparinus	-0.52682238208214	0.607123234457324	0.397623150763804	0.908070197109259
s__Olivibacter_sp._SDN3	-0.484252896220789	0.284228011428563	0.106637003218775	0.623118070701876
s__Sphingobacterium_sp._G1-14	0.430118863987193	0.701266420905117	0.547767008154592	0.908070197109259
s__Mucilaginibacter_mallensis	-0.336913060061076	0.281167148565319	0.2472524927941	0.829138384870667
s__Candidatus_Amoebophilus_asiaticus	0.512507105159265	0.232813124538635	0.0418120609877049	0.623118070701876
s__Cardinium_endosymbiont_of_Bemisia_tabaci	-0.391205878654014	0.232303265570727	0.110446047464092	0.623118070701876
s__Mangrovivirga_cuniculi	-0.0261482289541711	0.511536904715252	0.9598281212585	0.987981424274289
s__Marivirga_tractuosa	-0.458312731992255	0.273664228980706	0.112283832881144	0.623118070701876
s__Bernardetia_litoralis	-0.224758123630012	0.355041604830736	0.535126633882356	0.908070197109259
s__Aquiflexum_balticum	0.0564730342174203	0.252054514448054	0.825388267753346	0.977031734948473
s__Cyclobacterium_marinum	0.030408360924748	0.319402919494835	0.925266196998756	0.985911850265357
s__Belliella_baltica	-0.563518400387806	0.500469385891326	0.275819174999113	0.832661660374679
s__Algoriphagus_sanaruensis	-0.0279287775623861	0.287704519147361	0.923802508612459	0.985911850265357
s__Echinicola_sp._20G	-0.265566745059614	0.548191207130163	0.63425482537932	0.914999467934896
s__Rufibacter_radiotolerans	0.498556322951923	0.41890422314535	0.250345370522136	0.829138384870667
s__Pontibacter_russatus	0.196610918931021	0.278149373667986	0.489233833572581	0.908070197109259
s__Adhaeribacter_swui	-0.395209719878895	0.350139715127267	0.274693140718237	0.832413494543995
s__Hymenobacter_sp._DG01	-0.0615163207655082	0.327009715972596	0.853011612786525	0.979283368716634
s__Flammeovirga_sp._MY04	-0.452308612011383	0.655871979728187	0.49973355278431	0.908070197109259
s__Aquirufa_nivalisilvae	-0.205357299954584	0.232458564174543	0.389334701915165	0.908070197109259
s__Dyadobacter_fermentans	0.319700549791534	0.438978915512474	0.476353820131501	0.908070197109259
s__Rhodocytophaga_rosea	-0.229867717503352	0.334545690225618	0.501283850842117	0.908070197109259
s__Arcticibacterium_luteifluviistationis	-0.110580470773981	0.327835242432529	0.740015807243407	0.944701030523498
s__Cytophaga_hutchinsonii	0.662470254403139	0.46276525504709	0.170401984951844	0.700877236463876
s__Runella_sp._SP2	-0.214601873581743	0.336992536827349	0.532727703970051	0.908070197109259
s__Spirosoma_sp._KCTC_42546	0.439942986047242	0.417141300668402	0.3063394230463	0.872658297105186
s__Alkalitalea_saponilacus	0.0893391430227919	0.219253298942242	0.688747993748567	0.928866896312224
s__Labilibaculum_antarcticum	-0.495711951655649	0.205184249969263	0.0272334709560684	0.623118070701876
s__Draconibacterium_orientale	0.280713835394968	0.248532591885627	0.274379423701739	0.832413494543995
s__Maribellus_comscasis	0.0216003215852805	0.330888144317562	0.94871273026111	0.987981424274289
s__Tenuifilum_thalassicum	0.437284425159502	0.301843463369104	0.165612498015042	0.700877236463876
s__Paludibacter_propionicigenes	0.103140386240868	0.227918642895359	0.656607661266292	0.925614324252042
s__Dysgonomonas_sp._HDW5A	-0.10323046517805	0.299121974860553	0.734243615489491	0.944454646257702
s__Proteiniphilum_saccharofermentans	0.267713046565667	0.275534309731462	0.344865078634227	0.891392910524647
s__Sodaliphilus_pleomorphus	-0.330659059611025	0.410513844588651	0.431667772223583	0.908070197109259
s__Odoribacter_splanchnicus	-0.225423899633957	0.236879504335763	0.354615072554143	0.891392910524647
s__Butyricimonas_virosa	0.318131713127171	0.281959317263279	0.274869872677548	0.832413494543995
s__Salinivirga_cyanobacteriivorans	-0.594842115285648	0.356976968699305	0.113964392385436	0.623118070701876
s__Barnesiella_viscericola	0.518876677481786	0.232059758673597	0.0390536319215441	0.623118070701876
s__Coprobacter_secundus	-0.0420133165797715	0.263340950202786	0.875123915652221	0.983059496505845
s__Porphyromonas_gingivalis	-0.107193546564217	0.489792282739838	0.829368845481169	0.979283368716634
s__Tannerella_forsythia	0.0343903335743031	0.304372157608102	0.911363784343425	0.985911850265357
s__Parabacteroides_distasonis	-0.234324964923729	0.388742195094631	0.554613584070468	0.908070197109259
s__Alistipes_indistinctus	-0.32440814423216	0.33943514976015	0.352603431744226	0.891392910524647
s__Prevotella_melaninogenica	-0.662688932843004	0.435213239369949	0.14622406916213	0.700877236463876
s__Phocaeicola_salanitronis	-0.0598790425788701	0.458199228999293	0.897559748478673	0.985911850265357
s__Bacteroides_fragilis	-0.546135065479231	0.231363999070162	0.0304597503063762	0.623118070701876
s__Fluviicola_taffensis	-0.202952649378817	0.407535005176778	0.624864434867828	0.914999467934896
s__Ichthyobacterium_seriolicida	-0.026095521699503	0.241330333943297	0.915157018388255	0.985911850265357
s__Candidatus_Sulcia_muelleri	0.210864847771045	0.340584646323927	0.544041788594426	0.908070197109259
s__Blattabacterium_cuenoti	-0.736320333573098	0.247581454636371	0.0085124914850446	0.623118070701876
s__Weeksella_virosa	0.0564730342174203	0.252054514448054	0.825388267753346	0.977031734948473
s__Bergeyella_cardium	-0.125982707033307	0.199770062645982	0.536663418138094	0.908070197109259
s__Epilithonimonas_vandammei	-0.225883019070853	0.234008968710164	0.347938958695461	0.891392910524647
s__Kaistella_jeonii	-0.0281748984497348	0.371715768493105	0.940465551752203	0.987981424274289
s__Ornithobacterium_rhinotracheale	0.295730061173066	0.534383600413281	0.587191917454422	0.909200388316524
s__Apibacter_raozihei	-0.243114436929229	0.423160375452718	0.573140281652215	0.908070197109259
s__Riemerella_anatipestifer	0.058730845588209	0.379449480885586	0.878818262574007	0.983059496505845
s__Empedobacter_brevis	-0.219341170064343	0.534013083500212	0.686393112504553	0.928866896312224
s__Cloacibacterium_caeni	-0.0393324434987894	0.440773523843234	0.929937984824967	0.985911850265357
s__Elizabethkingia_anophelis	-0.18844550417152	0.649502239659766	0.775219719212248	0.954116577491998
s__Chryseobacterium_sp._3008163	-0.831216970760038	0.242972415695572	0.003256092321173	0.623118070701876
s__Dokdonia_sp._MED134	0.451587444242276	0.300924865697903	0.151786280890815	0.700877236463876
s__Zunongwangia_profunda	-0.0289267803089863	0.271337874256887	0.916347955089821	0.985911850265357
s__Croceibacter_atlanticus	0.033470578284962	0.25865926382946	0.898559630626217	0.985911850265357
s__Gillisia_sp._Hel1_33_143	-0.248533585182279	0.238964682291258	0.312886634673123	0.878278272766661
s__Euzebyella_marina	0.155557469170439	0.317797535890821	0.630753690231764	0.914999467934896
s__Leeuwenhoekiella_sp._ZYFB001	0.373180785266424	0.220241640132193	0.108425591315702	0.623118070701876
s__Muricauda_ruestringensis	0.383110836015488	0.220584319023833	0.100506248487	0.623118070701876
s__Changchengzhania_lutea	-0.18964125533767	0.210942786685741	0.381201154086561	0.908070197109259
s__Oceanihabitans_sp._IOP_32	0.0962974895183573	0.231843337117121	0.68307671499779	0.928866896312224
s__Galbibacter_sp._BG1	0.154233416030973	0.218304359215849	0.489444298323085	0.908070197109259
s__Siansivirga_zeaxanthinifaciens	-0.0553170677661834	0.243180380873276	0.822768865012846	0.977031734948473
s__Flagellimonas_maritima	0.139357762514055	0.222442770729137	0.539317092607185	0.908070197109259
s__Salegentibacter_salegens	-0.0256711486804428	0.227493048563356	0.91147633211042	0.985911850265357
s__Amniculibacterium_sp._G2-70	0.2782363945987	0.259350776006945	0.298346032612257	0.857076755316138
s__Antarcticibacterium_flavum	0.403456096664741	0.22437423110353	0.0899369793743859	0.623118070701876
s__Psychroflexus_torquis	-0.122523288272077	0.208941783604168	0.565313162281381	0.908070197109259
s__Arenibacter_algicola	0.185414181036437	0.210391866474912	0.390456263418686	0.908070197109259
s__Wenyingzhuangia_fucanilytica	0.100697518574976	0.302329196359895	0.743152094502698	0.945030172695816
s__Flavivirga_eckloniae	0.177948899464858	0.317039669026615	0.581928909779921	0.908070197109259
s__Tamlana_carrageenivorans	0.406676228342483	0.29197095008023	0.181609675867791	0.71120667839085
s__Aequorivita_sp._KX20305	-0.0404698960829121	0.226478227770822	0.860291649576577	0.979283368716634
s__Olleya_aquimaris	0.10174401258935	0.329543255775882	0.761268895830572	0.950709931440464
s__Nonlabens_sp._Ci31	0.204333289921706	0.297167983624267	0.500977993056043	0.908070197109259
s__Mariniflexile_sp._TRM1-10	-0.125164302079444	0.290170468497317	0.671635990124395	0.928866896312224
s__Gramella_forsetii	-0.361229712463644	0.325826566442524	0.283017113217093	0.838462515908161
s__Lutibacter_profundi	-0.364740624542193	0.243140463947732	0.151925432408307	0.700877236463876
s__Seonamhaeicola_sp._S2-3	-0.15983322873961	0.272999373920383	0.565922717692192	0.908070197109259
s__Maribacter_sp._HTCC2170	-1.02146336117982	0.467753879701738	0.0432837331910686	0.623118070701876
s__Winogradskyella_sp._HaHa_3_26	0.0440792307805928	0.609410410057148	0.943182724329933	0.987981424274289
s__Urechidicola_croceus	-0.170096059241292	0.30538588102065	0.584795317528605	0.908070197109259
s__Aquimarina_sp._BL5	-0.216294392076014	0.570533960939431	0.709300658780398	0.934058480698466
s__Psychroserpens_sp._NJDZ02	-0.320865119155622	0.368270832162106	0.395742067948234	0.908070197109259
s__Myroides_phaeus	-0.355212261217353	0.466959292397787	0.457262993869164	0.908070197109259
s__Lacinutrix_sp._5H-3-7-4	-0.301042802348093	0.521481301246695	0.571314517205683	0.908070197109259
s__Algibacter_sp._L1A34	-0.759740333097706	0.484351603804523	0.135172344373046	0.683176082927003
s__Capnocytophaga_gingivalis	-0.200314940472679	0.513009135477326	0.70103824275036	0.92930077436826
s__Formosa_sp._Hel1_31_208	-0.732576804553851	0.493231791310965	0.155783031010655	0.700877236463876
s__Kordia_antarctica	-0.393642884665412	0.4400945497245	0.383569908189839	0.908070197109259
s__Cellulophaga_lytica	0.012216734616236	0.398422824073899	0.975895622239602	0.990007044258272
s__Tenacibaculum_sp._SZ-18	0.312231069912176	0.530274721437731	0.563731418279965	0.908070197109259
s__Polaribacter_sp._L12M9	-0.811336545368872	0.437918917851064	0.0813664392177201	0.623118070701876
s__Flavobacterium_johnsoniae	-0.58567735380063	0.252809601216686	0.0332600361711338	0.623118070701876
s__Hydrogenophilus_thermoluteolus	-0.593460135145631	0.471867498584608	0.225508780700388	0.801808998045823
s__Bdellovibrio_sp._ZAP7	-0.757966624811535	0.399569941819684	0.074955688565399	0.623118070701876
s__Halobacteriovorax_sp._BALOs_7	0.347153833975612	0.437115049476592	0.438029614828499	0.908070197109259
s__Silvanigrella_aquatica	-0.137769816315962	0.347451732725139	0.696658229868203	0.928866896312224
s__Fluviispira_sanaruensis	-0.436594418381759	0.44183172419905	0.336937602796839	0.891392910524647
s__Hippea_maritima	0.0333633486690974	0.256210551781869	0.897922027877329	0.985911850265357
s__Desulfarculus_baarsii	0.121864239463775	0.222830693151961	0.59156034127745	0.91136437706355
s__Persicimonas_caeni	0.387633169664344	0.221070879287462	0.0975382602171836	0.623118070701876
s__Candidatus_Desulfofervidus_auxilii	-0.0130045643128741	0.241323148657372	0.957652150104538	0.987981424274289
s__Desulfoglaeba_alkanexedens	0.387633169664344	0.221070879287462	0.0975382602171836	0.623118070701876
s__Syntrophobacter_fumaroxidans	0.241711017881845	0.324194941607821	0.466109991867065	0.908070197109259
s__Desulfolutivibrio_sulfoxidireducens	0.0254777409296167	0.223012716662714	0.910383245593403	0.985911850265357
s__Lawsonia_intracellularis	0.283345846967195	0.25917815739907	0.289535413407843	0.842284839004633
s__Desulfovibrio_ferrophilus	-0.278281581599574	0.295973478831014	0.360271301337045	0.891392910524647
s__Desulfopila_sp._IMCC35005	0.0229086805443667	0.258360812655342	0.930380911397681	0.985911850265357
s__Desulfotalea_psychrophila	0.378305934105823	0.220293669509725	0.104088905905988	0.623118070701876
s__Desulfobacula_toluolica	-0.00501616617614762	0.264889449072724	0.985111984276918	0.994228675579008
s__Desulfobacter_hydrogenophilus	0.165785180767798	0.221000778868227	0.463417050454088	0.908070197109259
s__Desulfonema_magnum	-0.0874473474242234	0.309281400037112	0.780787189520118	0.957844019770408
s__Desulfatibacillum_aliphaticivorans	-0.0185133672116463	0.366715586516946	0.960324920444485	0.987981424274289
s__Desulfosarcina_alkanivorans	-0.299994639627094	0.234989926104132	0.21889791401957	0.787764092687035
s__Sandaracinus_amylolyticus	0.387633169664344	0.221070879287462	0.0975382602171836	0.623118070701876
s__Labilithrix_luteola	0.0767524497295275	0.293588562933954	0.796902947388328	0.966607077809074
s__Vulgatibacter_incomptus	0.378305934105823	0.220293669509725	0.104088905905988	0.623118070701876
s__Anaeromyxobacter_dehalogenans	0.23790832070087	0.256589375879071	0.366802956088077	0.899263055296335
s__Haliangium_ochraceum	-0.0253233845222655	0.260368411988757	0.923657543535137	0.985911850265357
s__Minicystis_rosea	-0.16049783789152	0.267702072318953	0.55672050879011	0.908070197109259
s__Chondromyces_crocatus	0.0753865126925309	0.490385284253939	0.879633445310959	0.983059496505845
s__Sorangium_cellulosum	0.0202111254354667	0.204613819529996	0.922470772828329	0.985911850265357
s__Stigmatella_aurantiaca	-0.0576190448656614	0.284782007115926	0.84206277694258	0.979283368716634
s__Cystobacter_fuscus	-0.00424060248336753	0.230653426978535	0.985545642464171	0.994228675579008
s__Archangium_violaceum	0.163646384362328	0.473176357986891	0.733701075784508	0.944454646257702
s__Pyxidicoccus_sp._SCPEA002	0.386411737649278	0.387652966264086	0.332840230623916	0.891392910524647
s__Myxococcus_xanthus	-0.00388664248409617	0.409333673057474	0.992534700127752	0.997731216882348
s__Corallococcus_coralloides	0.285669869311529	0.378261799564416	0.460454674419576	0.908070197109259
s__Geoalkalibacter_subterraneus	0.373180785266424	0.220241640132193	0.108425591315702	0.623118070701876
s__Geobacter_sp._FeAm09	-0.0615187373774762	0.313819223204192	0.846908988989081	0.979283368716634
s__Pelobacter_propionicus	-0.442822100605797	0.824617648966364	0.598224446011458	0.91136437706355
s__Desulfuromonas_soudanensis	-0.296389172106049	0.528139541622085	0.58198752296623	0.908070197109259
s__Nitrosophilus_alvini	-0.0168235337065558	0.240595637650806	0.945069702136585	0.987981424274289
s__Nautilia_sp._PV-1	0.0685859142479834	0.288445585657338	0.814895699492122	0.974211306061379
s__Caminibacter_mediatlanticus	-0.240052695283238	0.380387285413124	0.53638514674979	0.908070197109259
s__Candidatus_Sulfurimonas_marisnigri	-0.4503801420564	0.663666200173898	0.5065097790614	0.908070197109259
s__Helicobacter_pylori	4.90349398479265	0.970417799275278	9.80966892971102e-05	0.0941728217252258
s__Sulfurospirillum_cavolei	0.0114544588126084	0.263541466075106	0.965838423241483	0.987981424274289
s__Campylobacter_jejuni	-0.716006773833487	0.665016200710805	0.296667817719819	0.855258573606685
s__Poseidonibacter_lekithochrous	-0.365724319654951	0.320774220212179	0.270041378481123	0.832413494543995
s__Pseudoarcobacter_acticola	-0.239477422819274	0.308185888370198	0.447804837703082	0.908070197109259
s__Halarcobacter_bivalviorum	-0.134374258012004	0.512833429794583	0.796452068943235	0.966607077809074
s__Arcobacter_defluvii	-0.335432312992758	0.78811538687814	0.675729065384554	0.928866896312224
s__Malaciobacter_molluscorum	-0.566879300076606	0.761595614690982	0.466841319466501	0.908070197109259
s__Aliarcobacter_lanthieri	-0.584450285132971	0.2460420207849	0.02955864621556	0.623118070701876
s__Candidatus_Kinetoplastibacterium_crithidii	0.383110836015488	0.220584319023833	0.100506248487	0.623118070701876
s__Candidatus_Kinetoplastibacterium_blastocrithidii	0.00144891311581793	0.265989629472598	0.995717154467624	0.998044935160228
s__Candidatus_Kinetoplastibacterium_sorsogonicusi	-0.199270639518936	0.225480870053359	0.389154213251041	0.908070197109259
s__Chitinibacter_fontanus	-0.0382419472666662	0.267350879727348	0.887940119555457	0.985911850265357
s__Paludibacterium_yongneupense	0.0114544588126084	0.263541466075106	0.965838423241483	0.987981424274289
s__Chromobacterium_violaceum	0.437552335717175	0.239414263768241	0.0852170072474472	0.623118070701876
s__Iodobacter_fluviatilis	-0.323613851105671	0.299395406779217	0.294841442391327	0.855129258899316
s__Vitreoscilla_sp._C1	0.0445179687276496	0.254100218768392	0.862993468681534	0.979283368716634
s__Kingella_oralis	0.673278690683115	0.425114806088851	0.131673963111097	0.68116739417339
s__Simonsiella_muelleri	0.134352907026878	0.214242815406925	0.538921751027022	0.908070197109259
s__Alysiella_filiformis	0.399794928936883	0.223391571028326	0.0913375417575083	0.623118070701876
s__Neisseria_mucosa	-1.87421421131805	0.605778500660334	0.00659019650633755	0.623118070701876
s__Candidatus_Methylopumilus_universalis	0.0445179687276496	0.254100218768392	0.862993468681534	0.979283368716634
s__Candidatus_Nitrotoga_sp._AM1P	-0.233319249029945	0.276324642234176	0.410190283399037	0.908070197109259
s__Nitrosomonas_eutropha	-0.569457521272246	0.397382280738912	0.169986083030556	0.700877236463876
s__Azoarcus_sp._DN11	-0.946936710452678	0.358996359157755	0.0172751957296972	0.623118070701876
s__Aromatoleum_aromaticum	0.455576804320572	0.676414917389083	0.509672643709326	0.908070197109259
s__Fluviibacter_phosphoraccumulans	-0.270421521443291	0.439741050234929	0.546727758264856	0.908070197109259
s__Turicimonas_muris	0.420160341747867	0.288461309045099	0.163460791241681	0.700877236463876
s__Sphaerotilus_natans	0.41658776493147	0.274348946123931	0.147276323188011	0.700877236463876
s__Xylophilus_rhododendri	0.447612697984429	0.290879565402478	0.142252343364914	0.700877236463876
s__Rhizobacter_sp._AJA081-3	-0.00798983317879163	0.268425625768944	0.976600698867275	0.990007044258272
s__Rhizobacter_gummiphilus	0.391904331927916	0.221718841273312	0.0950756428009513	0.623118070701876
s__Methylibium_sp._Pch-M	0.406950898684427	0.225432262582175	0.088784706757795	0.623118070701876
s__Rubrivivax_gelatinosus	1.1834368339907	0.359822927009416	0.00433227353967596	0.623118070701876
s__Mitsuaria_sp._7	0.152250859416586	0.229900429377666	0.516691011140222	0.908070197109259
s__Thiomonas_intermedia	0.786176967553118	0.661323599849141	0.250862588774781	0.829138384870667
s__Glaciimonas_sp._PAMC28666	0.488515447105946	0.506019258191536	0.347873905165671	0.891392910524647
s__Duganella_sp._AF9R3	0.0834684610843668	0.257253915714214	0.749548512000969	0.945030172695816
s__Undibacterium_sp._KW1	0.714751498915865	0.626049824991191	0.269412137236797	0.832413494543995
s__Massilia_oculi	0.662724090033095	0.483566738962751	0.188359985637582	0.720420662199517
s__Collimonas_arenae	-0.0694891750120741	0.353855581996468	0.84664334549573	0.979283368716634
s__Herbaspirillum_huttiense	-0.222084771210402	0.469296095040634	0.642069030474735	0.917241472106764
s__Bordetella_pseudohinzii	-0.0259827560455781	0.583991136651328	0.965030910686739	0.987981424274289
s__Alcaligenes_faecalis	0.399010407030592	0.420889759257017	0.356403723472787	0.891392910524647
s__Achromobacter_xylosoxidans	0.804890198189537	0.607460627496406	0.202703289289823	0.751332655282742
s__Verminephrobacter_eiseniae	0.397282115573624	0.417694834630571	0.354866209753701	0.891392910524647
s__Polaromonas_sp._JS666	0.123305516584191	0.219630775484993	0.581836210043631	0.908070197109259
s__Simplicispira_suum	-0.0090449645081923	0.232773364376189	0.969456772569146	0.987981424274289
s__Hydrogenophaga_sp._BA0156	-0.305986571833114	0.249717096432312	0.237156101862561	0.826673757390392
s__Ottowia_sp._oral_taxon_894	-1.336081703295	0.5284004399401	0.0216437822519011	0.623118070701876
s__Schlegelella_thermodepolymerans	0.147900288176127	0.329354906431589	0.659059956300519	0.927709029396625
s__Diaphorobacter_sp._HDW4B	-0.40481698453367	0.287257933974093	0.176792771523111	0.71120667839085
s__Comamonas_testosteroni	0.474069709544149	0.429988746961109	0.285601294481217	0.838462515908161
s__Delftia_acidovorans	0.277331441972033	0.578059183740495	0.637510272956537	0.917241472106764
s__Rhodoferax_sp._AJA081-3	-0.229536234791061	0.342327022878808	0.511535191708796	0.908070197109259
s__Acidovorax_avenae	-0.0648236160761849	0.563276386608808	0.909727617081383	0.985911850265357
s__Variovorax_paradoxus	-0.336522190398991	0.351924720028688	0.35235604164634	0.891392910524647
s__Kinneretia_sp._DAIF2	-0.49112145125118	0.205709766158785	0.0288491323184108	0.623118070701876
s__Ephemeroptericola_cinctiostellae	0.357098108839382	0.279944587363295	0.219251628861928	0.787764092687035
s__Chitinimonas_arctica	0.387633169664344	0.221070879287462	0.0975382602171836	0.623118070701876
s__Lautropia_mirabilis	0.173872484918711	0.244892017178127	0.4873320642019	0.908070197109259
s__Paraburkholderia_aromaticivorans	0.106385793276125	0.375938131108174	0.780603383861306	0.957844019770408
s__Pandoraea_pnomenusa	-0.639876641347848	0.403817240699643	0.131488941280609	0.68116739417339
s__Cupriavidus_taiwanensis	-0.30191344059326	0.20537179545778	0.159804810638161	0.700877236463876
s__Burkholderia_pseudomallei	-0.290959091152988	0.364010483873302	0.435134362161254	0.908070197109259
s__Ralstonia_solanacearum	-0.544710392348213	0.314955850416824	0.101836691632628	0.623118070701876
s__Polynucleobacter_sp._MG-Unter2-18	-0.413833413692775	0.403291829057028	0.319206580036574	0.885659875245984
s__Luteithermobacter_gelatinilyticus	0.393362960098659	0.653198395531289	0.554982018759127	0.908070197109259
s__Candidatus_Paracaedibacter_acanthamoebae	0.383110836015488	0.220584319023833	0.100506248487	0.623118070701876
s__Candidatus_Cytomitobacter_indipagum	0.156443747525009	0.269727661404458	0.569518698690366	0.908070197109259
s__endosymbiont_of_Acanthamoeba_sp._UWC8	0.503830110725275	0.229823150441442	0.042568236175218	0.623118070701876
s__Candidatus_Pelagibacter_sp._RS40	-0.159486001648924	0.414400586584183	0.705113888546542	0.931400364479485
s__Candidatus_Fonsibacter_ubiquis	-0.277198113278515	0.266003524010688	0.31196645642096	0.878278272766661
s__Hyphobacterium_sp._CCMP332	0.378305934105823	0.220293669509725	0.104088905905988	0.623118070701876
s__Marinicauda_algicola	-0.146530251214151	0.353122161125612	0.683363633418144	0.928866896312224
s__Glycocaulis_alkaliphilus	-0.366414917395868	0.436992453869885	0.413389142343676	0.908070197109259
s__Caulobacter_vibrioides	-0.3991300521966	0.335724856320596	0.250836746239287	0.829138384870667
s__Asticcacaulis_excentricus	-0.33627544846774	0.27973408166527	0.245793138786676	0.829138384870667
s__Brevundimonas_sp._Bb-A	-0.320887683485388	0.384951075388596	0.416076571996186	0.908070197109259
s__Polymorphobacter_sp._PAMC_29334	0.193255132117412	0.385594476652992	0.62266675165191	0.914999467934896
s__Sphingosinicella_microcystinivorans	0.0711812097101024	0.492655438277954	0.886816754651597	0.985911850265357
s__Zymomonas_mobilis	-0.0512714046004401	0.2398815285265	0.833295106814653	0.979283368716634
s__Erythrobacter_neustonensis	-0.698806983920133	0.502908470841545	0.182603058374657	0.71120667839085
s__Altererythrobacter_sp._TH136	-0.386434551889492	0.51307062881897	0.461645838250866	0.908070197109259
s__Novosphingopyxis_iocasae	0.281766946088265	0.391044031154587	0.480977685346569	0.908070197109259
s__Sphingopyxis_sp._EG6	0.464555079320772	0.476185585583495	0.342953746957109	0.891392910524647
s__Sphingobium_yanoikuyae	0.884645030832067	0.376354107302907	0.0310745630182251	0.623118070701876
s__Sphingorhabdus_sp._JK6	-0.333926458582081	0.309836309468709	0.296201058582302	0.855258573606685
s__Sphingomonas_sp._C8-2	-0.311368681135377	0.682072824813964	0.653806411704533	0.924380199169885
s__Candidatus_Deianiraea_vastatrix	0.0229086805443667	0.258360812655342	0.930380911397681	0.985911850265357
s__Candidatus_Phycorickettsia_trachydisci	0.158279845180804	0.219097786890844	0.479859315172819	0.908070197109259
s__Rickettsia_asiatica	-0.29357887109292	0.526749583830896	0.584559363820451	0.908070197109259
s__Orientia_tsutsugamushi	-0.121795392546434	0.474417772902773	0.80047148631064	0.966607077809074
s__Wolbachia_endosymbiont_of_Ctenocephalides_felis_wCfeT	0.152967255395895	0.477751045546513	0.752732218130511	0.945030172695816
s__Candidatus_Neoehrlichia_mikurensis	-0.277661313157401	0.340567418175686	0.426181659351588	0.908070197109259
s__Ehrlichia_ruminantium	-0.529195671175274	0.622368995741117	0.406979303967783	0.908070197109259
s__Rhodobacter_capsulatus	0.442238722114669	0.306005648860412	0.166584075373148	0.700877236463876
s__Rhodobaca_barguzinensis	0.0456749310702516	0.25626327468024	0.860645590295415	0.979283368716634
s__Pontivivens_sp._MT2928	0.245178312621511	0.325545832452863	0.461675149739761	0.908070197109259
s__Paraoceanicella_profunda	-0.0130910319333846	0.205425056583361	0.949931292213946	0.987981424274289
s__Haematobacter_massiliensis	0.686013402595905	0.342308881609488	0.0612616692656701	0.623118070701876
s__Boseongicola_sp._CCM32	0.15696840038633	0.222014041412949	0.489133015163929	0.908070197109259
s__Thioclava_nitratireducens	0.419530300872793	0.230184072860132	0.0860039185522835	0.623118070701876
s__Cereibacter_sphaeroides	-0.295814390699312	0.21353679500615	0.183867349789648	0.711744579830895
s__Rhodovulum_sulfidophilum	-0.0515638910339442	0.320342590706281	0.874018477465514	0.983059496505845
s__Paracoccus_jeotgali	0.917354156400321	0.4743257975764	0.0699359979129013	0.623118070701876
s__Oceanicola_sp._D3	0.420160341747867	0.288461309045099	0.163460791241681	0.700877236463876
s__Dinoroseobacter_shibae	0.446893149316426	0.310026248117165	0.167620038728278	0.700877236463876
s__Octadecabacter_temperatus	0.215015065580392	0.274762295885436	0.444656393038387	0.908070197109259
s__Salipiger_pacificus	0.383110836015488	0.220584319023833	0.100506248487	0.623118070701876
s__Sulfitobacter_sp._D7	0.120231393921068	0.22748235114686	0.603963431805134	0.91136437706355
s__Roseovarius_indicus	0.397605512222041	0.329657681017556	0.2442909570164	0.829138384870667
s__Roseivivax_sp._THAF30	-0.598380931600685	0.430741607576053	0.182705639714134	0.71120667839085
s__Phaeobacter_inhibens	-0.807669853424951	0.458037603525115	0.0958095445137085	0.623118070701876
s__Mameliella_alba	-0.266350218301656	0.307144373972898	0.397917598508548	0.908070197109259
s__Candidatus_Hodgkinia_cicadicola	0.131591175567367	0.289696108940167	0.655403090920624	0.92527495188794
s__Devosia_sp._A16	-0.0390161290097159	0.379098844325786	0.919232295682092	0.985911850265357
s__Aureimonas_populi	0.416573005498278	0.228936956679002	0.0864765518032166	0.623118070701876
s__Hyphomicrobium_denitrificans	0.383110836015488	0.220584319023833	0.100506248487	0.623118070701876
s__Methyloligella_sp._GL2	0.153580827982508	0.223774647972735	0.501766298663163	0.908070197109259
s__Labrenzia_sp._CP4	0.546168327864641	0.24089390184705	0.0367042544134439	0.623118070701876
s__Stappia_indica	0.25202439557911	0.281409242944099	0.382983417582777	0.908070197109259
s__Pannonibacter_phragmitetus	0.843949998674365	0.598646269427081	0.176642021804917	0.71120667839085
s__Bosea_sp._Tri-49	-0.0390809480204987	0.315544097231243	0.902884612821481	0.985911850265357
s__Microvirga_ossetica	0.133235567333255	0.219974405991309	0.552724266524507	0.908070197109259
s__Methylorubrum_extorquens	0.401408951411389	0.491184734504453	0.425104855339668	0.908070197109259
s__Methylobacterium_radiodurans	0.168194568540391	0.596136768686516	0.781241528625239	0.957844019770408
s__Phyllobacterium_sp._628	0.094709451680796	0.240468594066982	0.698585311601485	0.928866896312224
s__Mesorhizobium_sp._M8A.F.Ca.ET.057.01.1.1	0.610317578023143	0.695811171611636	0.392642552045431	0.908070197109259
s__Bartonella_australis	-0.730006194648318	0.497358523255575	0.160425956448097	0.700877236463876
s__Chelatococcus_sp._CO-6	-0.318563590550716	0.313542686018503	0.323865850042191	0.890482984578174
s__Xanthobacter_sp._YN2	0.633381243516583	0.295357127532198	0.0467428354588953	0.623118070701876
s__Labrys_sp._KNU-23	-0.297167309746419	0.359900200491961	0.42041490236582	0.908070197109259
s__Brucella_pseudogrignonensis	-0.234423139249981	0.358357074966773	0.521760209535366	0.908070197109259
s__Shinella_sp._HZN7	0.185521827552063	0.351584537017896	0.604545577279197	0.91136437706355
s__Liberibacter_crescens	0.422378100076864	0.231458501361848	0.0856467601696805	0.623118070701876
s__Sinorhizobium_fredii	-0.0972728745990334	0.623252126001683	0.877813796928273	0.983059496505845
s__Neorhizobium_sp._SOG26	0.0964090002544461	0.228268408984364	0.678063500602714	0.928866896312224
s__Ensifer_alkalisoli	-0.371486205879328	0.569402044957449	0.52285852853519	0.908070197109259
s__Agrobacterium_larrymoorei	-0.305967226014323	0.561041204536902	0.592592728340861	0.91136437706355
s__Rhizobium_leguminosarum	0.366655998827165	0.654303062181913	0.582533132507614	0.908070197109259
s__Rhodopseudomonas_palustris	0.649434953245152	0.414074295871017	0.135211933079303	0.683176082927003
s__Bradyrhizobium_erythrophlei	-0.237795340999102	0.300168233543159	0.439155714131515	0.908070197109259
s__Elioraea_sp._MS-P2	0.0564730342174203	0.252054514448054	0.825388267753346	0.977031734948473
s__Thalassospira_marina	0.190904909025017	0.25226620491091	0.459554114155214	0.908070197109259
s__Tistrella_mobilis	0.383110836015488	0.220584319023833	0.100506248487	0.623118070701876
s__Hypericibacter_adhaerens	0.280303375891162	0.281637004644633	0.333563852805611	0.891392910524647
s__Candidatus_Endolissoclinum_faulkneri	-0.24491982335925	0.259822010498981	0.359067063704675	0.891392910524647
s__Niveispirillum_cyanobacteriorum	0.406244402545479	0.281382871709883	0.166987770827668	0.700877236463876
s__Azospirillum_sp._TSH58	0.518881095495988	0.417507151369789	0.230808265157882	0.814617406439584
s__Entomobacter_blattae	0.0456749310702516	0.25626327468024	0.860645590295415	0.979283368716634
s__Bombella_sp._KACC_21507	0.378305934105823	0.220293669509725	0.104088905905988	0.623118070701876
s__Komagataeibacter_oboediens	0.143825867731	0.312186426509175	0.65084907621637	0.921556214111675
s__Lichenicola_cladoniae	-0.820071230360909	0.445685128234893	0.083291792167762	0.623118070701876
s__Roseomonas_sp._1318	-0.321179160762674	0.555811444382378	0.570936718723555	0.908070197109259
s__Acetobacter_pasteurianus	-0.438891492441118	0.299270198849288	0.160755949889775	0.700877236463876
s__Granulibacter_bethesdensis	-0.265602255084433	0.353886295834023	0.463198094616556	0.908070197109259
s__Solimonas_sp._K1W22B-7	0.033470578284962	0.25865926382946	0.898559630626217	0.985911850265357
s__Methylococcus_sp._EFPC2	-0.391639771517687	0.269315028769155	0.164103000632483	0.700877236463876
s__Methylomicrobium_sp._wino1	0.373180785266424	0.220241640132193	0.108425591315702	0.623118070701876
s__Candidatus_Thioglobus_autotrophicus	0.0456749310702516	0.25626327468024	0.860645590295415	0.979283368716634
s__Candidatus_Thioglobus_sp._NP1	0.121559162813364	0.232208874286693	0.60739022026771	0.912193164606912
s__Candidatus_Ruthia_endofausta	0.283058725625707	0.371884296624637	0.456998258554409	0.908070197109259
s__Bathymodiolus_thermophilus_thioautotrophic_gill_symbiont	-0.0205304835894272	0.226149342170168	0.928726231338752	0.985911850265357
s__Candidatus_Reidiella_endopervernicosa	0.392076408831508	0.256349708788715	0.14454471188077	0.700877236463876
s__Allochromatium_tepidum	0.378305934105823	0.220293669509725	0.104088905905988	0.623118070701876
s__Rheinheimera_sp._LHK132	0.23623178524385	0.424946963474808	0.585516095844408	0.908070197109259
s__Wenzhouxiangella_sp._AB-CW3	1.39726882690357	0.308242273220028	0.000294234828713907	0.141232717782675
s__Succinivibrio_dextrinosolvens	0.387633169664344	0.221070879287462	0.0975382602171836	0.623118070701876
s__Zobellella_denitrificans	0.0445179687276496	0.254100218768392	0.862993468681534	0.979283368716634
s__Oceanisphaera_profunda	0.0130712831848014	0.260532634687128	0.960570591251606	0.987981424274289
s__Dongshaea_marina	0.378305934105823	0.220293669509725	0.104088905905988	0.623118070701876
s__Aeromonas_caviae	-0.265220727744684	0.719045578924183	0.716792309670601	0.937806852501478
s__Zhongshania_aliphaticivorans	-0.0302914541274234	0.219313981020314	0.891769104857236	0.985911850265357
s__Agarilytica_rhodophyticola	-0.402941723219005	0.288159876608846	0.179991932117971	0.71120667839085
s__Cellvibrio_japonicus	-0.948180044439845	0.45506020020401	0.0525974263828896	0.623118070701876
s__Microbulbifer_hydrolyticus	-0.318039742994609	0.327958320942613	0.345763878327001	0.891392910524647
s__Frischella_perrara	0.0736073052684107	0.242072150281931	0.764763649019532	0.950709931440464
s__Gilliamella_apicola	-0.344905917056693	0.324528715181385	0.302742075851795	0.864977359576558
s__Thiothrix_sp.	0.240685829915868	0.363183258591858	0.516400451606396	0.908070197109259
s__Hydrogenovibrio_crunogenus	0.383110836015488	0.220584319023833	0.100506248487	0.623118070701876
s__Thiosulfativibrio_zosterae	-0.000805909452545192	0.211587296311323	0.997005305019436	0.998044935160228
s__Thiomicrorhabdus_indica	-0.499240512088619	0.411025686360136	0.241113179238864	0.826673757390392
s__Piscirickettsia_salmonis	-0.206097707099794	0.297491387374004	0.497799955481595	0.908070197109259
s__Allofrancisella_guangzhouensis	-0.0995093288347434	0.213828039397289	0.647571969810366	0.918877287986089
s__Francisella_philomiragia	-0.532161250559641	0.641409406394173	0.418221330479511	0.908070197109259
s__Endozoicomonas_montiporae	0.123305516584191	0.219630775484993	0.581836210043631	0.908070197109259
s__Spartinivicinus_ruber	0.378305934105823	0.220293669509725	0.104088905905988	0.623118070701876
s__Oleiphilus_messinensis	0.128662001564247	0.247525138071129	0.609909804517362	0.912448004893972
s__Kangiella_geojedonensis	-0.0922397826737422	0.252894066012538	0.719805548183216	0.94015418538216
s__Alcanivorax_sp._N3-2A	-0.092298597171502	0.305811488523389	0.766453832627328	0.950709931440464
s__Neptunomonas_japonica	-0.0431518274510041	0.275526012719547	0.877392280719204	0.983059496505845
s__Marinomonas_foliarum	-0.247623137205545	0.494171132949796	0.622735432592527	0.914999467934896
s__Halotalea_alkalilenta	0.0445179687276496	0.254100218768392	0.862993468681534	0.979283368716634
s__Kushneria_marisflavi	0.261876286427833	0.302675692726187	0.398972059217148	0.908070197109259
s__Candidatus_Portiera_aleyrodidarum	-0.164745319753462	0.471492066321067	0.731070338349108	0.944454646257702
s__Candidatus_Carsonella_ruddii	-0.347500885672237	0.300820671123433	0.263997528224297	0.832413494543995
s__Halomonas_elongata	0.650749339369712	0.736644022685434	0.389343808228452	0.908070197109259
s__Salinivibrio_kushneri	0.653520699612196	0.380395867362785	0.103954543368952	0.623118070701876
s__Paraphotobacterium_marinum	0.13272639163472	0.19424916461411	0.503637325276832	0.908070197109259
s__Grimontia_hollisae	0.617178210885402	0.443988147033282	0.182439794259059	0.71120667839085
s__Aliivibrio_fischeri	-0.0844369570469773	0.437017510734757	0.849082661371153	0.979283368716634
s__Photobacterium_damselae	-0.0541693813197577	0.341524944297287	0.875844858642325	0.983059496505845
s__Vibrio_parahaemolyticus	-0.519104177824273	0.256702668888654	0.0591816506273322	0.623118070701876
s__Idiomarina_sp._OT37-5b	0.373180785266424	0.220241640132193	0.108425591315702	0.623118070701876
s__Moritella_marina	-0.386572093908568	0.42721738668594	0.378184788396682	0.908070197109259
s__Glaciecola_amylolytica	0.378305934105823	0.220293669509725	0.104088905905988	0.623118070701876
s__Catenovulum_sp._CCB-QB4	-0.0657413092246239	0.201831851006629	0.748608818712746	0.945030172695816
s__Marinobacter_salsuginis	-0.14368034982246	0.389880307759733	0.717031489308421	0.937806852501478
s__Alteromonas_macleodii	-0.015493841666141	0.381690610803357	0.968093555150666	0.987981424274289
s__Paraglaciecola_sp._L1A13	-0.155330800668282	0.441527102495698	0.729308582643553	0.944454646257702
s__Thalassotalea_crassostreae	0.0333633486690974	0.256210551781869	0.897922027877329	0.985911850265357
s__Cognaticolwellia_beringensis	0.117358605881951	0.222657293015906	0.604947552455333	0.91136437706355
s__Colwellia_sp._20A7	-0.202214894337376	0.576234685388046	0.729956119536514	0.944454646257702
s__Parashewanella_spongiae	0.257365698915905	0.226232394138703	0.271061046668647	0.832413494543995
s__Shewanella_putrefaciens	0.46061806316798	0.400147595946619	0.265616600944328	0.832413494543995
s__Flocculibacter_collagenilyticus	0.0445179687276496	0.254100218768392	0.862993468681534	0.979283368716634
s__Psychrosphaera_aestuarii	0.0130712831848014	0.260532634687128	0.960570591251606	0.987981424274289
s__Pseudoalteromonas_arabiensis	0.310512556509568	0.428934091441439	0.478961276849278	0.908070197109259
s__Luteibacter_pinisoli	0.708109358598301	0.553118886995216	0.217664355278821	0.787764092687035
s__Rhodanobacter_denitrificans	0.546965585873208	0.404538157100445	0.194066701914757	0.730604054267322
s__Dyella_japonica	0.127196003241516	0.220112075797951	0.570928181863449	0.908070197109259
s__Dokdonella_koreensis	0.069373271914773	0.278883979336356	0.806532027406376	0.97194400088307
s__Arenimonas_daejeonensis	0.205138867837693	0.356286837015007	0.572315252265806	0.908070197109259
s__Xylella_fastidiosa	0.123305516584191	0.219630775484993	0.581836210043631	0.908070197109259
s__Pseudolysobacter_antarcticus	0.378305934105823	0.220293669509725	0.104088905905988	0.623118070701876
s__Pseudoxanthomonas_suwonensis	0.378305934105823	0.220293669509725	0.104088905905988	0.623118070701876
s__Thermomonas_brevis	0.360016281614466	0.544349233629313	0.517239389851962	0.908070197109259
s__Lysobacter_enzymogenes	0.0182542311321895	0.514018554959872	0.972084516764531	0.989608839972375
s__Xanthomonas_sacchari	-0.511031688219644	0.602560553348618	0.408165291775701	0.908070197109259
s__Stenotrophomonas_maltophilia	-0.629624158804515	0.816599203775694	0.451272136504817	0.908070197109259
s__Rodentibacter_heylii	0.0445179687276496	0.254100218768392	0.862993468681534	0.979283368716634
s__Avibacterium_paragallinarum	0.378305934105823	0.220293669509725	0.104088905905988	0.623118070701876
s__Actinobacillus_porcitonsillarum	0.703166336077592	0.400689372798417	0.0972818667806223	0.623118070701876
s__Histophilus_somni	-0.104514504933152	0.378606959669646	0.785837313005635	0.961672844134785
s__Bisgaardia_hudsonensis	0.064350674225302	0.592789246932225	0.914825888097691	0.985911850265357
s__Mannheimia_sp._USDA-ARS-USMARC-1261	-0.38613383414469	0.458686281607962	0.411572043863322	0.908070197109259
s__Aggregatibacter_segnis	-0.211818464319756	0.342812810432126	0.544841300432382	0.908070197109259
s__Pasteurella_multocida	-0.324208997510708	0.344619477459275	0.359997785073642	0.891392910524647
s__Haemophilus_parainfluenzae	-0.819767270801639	0.461449106984554	0.0935479557835635	0.623118070701876
s__Glaesserella_sp._15-184	-0.218711557351939	0.355194435511734	0.546214879281714	0.908070197109259
s__Candidatus_Coxiella_mudrowiae	-0.225423899633957	0.236879504335763	0.354615072554143	0.891392910524647
s__Candidatus_Rickettsiella_viridis	-0.902585498451617	0.523533526750122	0.102838422402193	0.623118070701876
s__Fluoribacter_dumoffii	0.114732342014765	0.219622871753851	0.608128776404608	0.912193164606912
s__Legionella_pneumophila	-0.320501924604774	0.364199479957463	0.391120733012011	0.908070197109259
s__Psychrobacter_sp._DAB_AL43B	0.223739278698137	0.544961459182789	0.686523592423729	0.928866896312224
s__Moraxella_osloensis	0.112572221026733	0.348346815085856	0.750514192092032	0.945030172695816
s__Acinetobacter_baumannii	-0.432174120900188	0.206494576402967	0.0516638023543241	0.623118070701876
s__Entomomonas_sp._F2A	-0.0527283367668717	0.284651984634478	0.855234497262388	0.979283368716634
s__Pseudomonas_aeruginosa	-0.43399746145228	0.256273972080289	0.108604266658998	0.623118070701876
s__Plesiomonas_shigelloides	0.10307571869157	0.232485685376305	0.663093396609465	0.928866896312224
s__Limnobaculum_parvum	-0.214762235352576	0.233676495886778	0.370922361526575	0.901968345063129
s__Pragia_fontium	0.731897634940474	0.476912344309143	0.143268297179223	0.700877236463876
s__Brenneria_izadpanahii	-0.147178196426136	0.571846140873324	0.799979681441758	0.966607077809074
s__Pectobacterium_parmentieri	0.00851932072903287	0.530885865307934	0.987383435385306	0.99463598947523
s__Dickeya_zeae	-0.287406130729119	0.569686217602763	0.620387067144677	0.914999467934896
s__Edwardsiella_tarda	-0.262375031190041	0.392088147165034	0.512370947756929	0.908070197109259
s__Hafnia_alvei	-0.420973127179234	0.550494649874325	0.454924714067297	0.908070197109259
s__Yersinia_frederiksenii	-0.561343542394934	0.571070936119991	0.339407649977933	0.891392910524647
s__Serratia_marcescens	0.0137935206540865	0.665280463027867	0.983699742645628	0.994228675579008
s__Xenorhabdus_bovienii	0.0909139594190315	0.230256668887826	0.697872713002334	0.928866896312224
s__Arsenophonus_nasoniae	0.089258376077079	0.324812146310322	0.786781624837328	0.961672844134785
s__Morganella_morganii	-0.10215445896167	0.296692229925637	0.73483468652446	0.944454646257702
s__Photorhabdus_asymbiotica	-0.369604507091644	0.463623422492888	0.436323761801711	0.908070197109259
s__Providencia_rettgeri	-0.103195482595212	0.669112992894815	0.879246668792162	0.983059496505845
s__Proteus_mirabilis	-0.231486969140274	0.403463407017641	0.573650385671804	0.908070197109259
s__Mixta_calida	0.0445179687276496	0.254100218768392	0.862993468681534	0.979283368716634
s__Pantoea_vagans	-0.229303418458632	0.355186276047875	0.527165796840649	0.908070197109259
s__Candidatus_Erwinia_haradaeae	-0.800069529599377	0.430291102780639	0.0803716826208712	0.623118070701876
s__Buchnera_aphidicola	-0.579180426641487	0.27628906004093	0.0513275606376445	0.623118070701876
s__Enterobacteriaceae_endosymbiont_of_Donacia_provostii	0.0130712831848014	0.260532634687128	0.960570591251606	0.987981424274289
s__Enterobacteriaceae_endosymbiont_of_Donacia_fulgens	-0.0213314375829105	0.269207311227661	0.937768626059044	0.987981424274289
s__Shimwellia_blattae	-0.24379538131339	0.24083116813974	0.325582841236395	0.890482984578174
s__Shigella_flexneri	-0.0688180353865152	0.286843758740423	0.813265362271228	0.973484722918179
s__Enterobacteriaceae_endosymbiont_of_Donacia_clavipes	-0.10323046517805	0.299121974860553	0.734243615489491	0.944454646257702
s__Candidatus_Hamiltonella_defensa	-0.0334685421336877	0.27558824740913	0.904763313194203	0.985911850265357
s__Cronobacter_sakazakii	0.274976111099262	0.423928607587938	0.525238519720026	0.908070197109259
s__Kosakonia_sp._MUSA4	0.221887757406456	0.373836965605864	0.560633893022568	0.908070197109259
s__Buttiauxella_sp._3AFRM03	0.281676689607548	0.653992370806645	0.672095258793219	0.928866896312224
s__Candidatus_Purcelliella_pentastirinorum	0.11705933755411	0.222542977506447	0.605677575590151	0.91136437706355
s__secondary_endosymbiont_of_Heteropsylla_cubana	-0.0962150773735721	0.190584109525609	0.620150398870593	0.914999467934896
s__Blochmannia_endosymbiont_of_Polyrhachis_(Hedomyrma)_turneri	-0.0217061949209965	0.369772908284412	0.953874440760243	0.987981424274289
s__Enterobacteriaceae_endosymbiont_of_Donacia_crassipes	0.0917751558695014	0.231379431012957	0.696565191322024	0.928866896312224
s__Enterobacteriaceae_endosymbiont_of_Neohaemonia_nigricornis	0.373180785266424	0.220241640132193	0.108425591315702	0.623118070701876
s__Enterobacteriaceae_endosymbiont_of_Macroplea_mutica	0.299728031657495	0.303708590248764	0.337533877054263	0.891392910524647
s__Enterobacteriaceae_endosymbiont_of_Donacia_proxima	0.395950761077747	0.222500093355942	0.0930318140624393	0.623118070701876
s__Enterobacteriaceae_endosymbiont_of_Plateumaris_rustica	0.27646481015018	0.232799227099304	0.251332572913921	0.829138384870667
s__Enterobacteriaceae_endosymbiont_of_Donacia_sparganii	0.338183117262766	0.41494432417754	0.426338609641272	0.908070197109259
s__Pluralibacter_gergoviae	-0.59203461178483	0.510094842481322	0.261829590801862	0.832413494543995
s__Kluyvera_intermedia	0.0845241036967333	0.288469175194892	0.773061673912079	0.953906435675573
s__Lelliottia_amnigena	-0.859033365678678	0.516939869962754	0.114887394285658	0.623118070701876
s__Candidatus_Profftia_tarda	-0.0846270567204146	0.279413501139953	0.765660760376888	0.950709931440464
s__Leclercia_adecarboxylata	-0.163363513102673	0.283600564727394	0.572140192393129	0.908070197109259
s__Candidatus_Tachikawaea_gelatinosa	-0.298686015237418	0.270443670415064	0.284794228146199	0.838462515908161
s__Candidatus_Gullanella_endobia	-0.256648901476044	0.302382079375387	0.407809722310128	0.908070197109259
s__Cedecea_neteri	0.186777567909558	0.431226839172533	0.670365327542917	0.928866896312224
s__Enterobacteriaceae_endosymbiont_of_Donacia_marginata	-0.622002089941909	0.266120074664615	0.0319135906857757	0.623118070701876
s__Enterobacteriaceae_endosymbiont_of_Donacia_bicoloricornis	-0.148051359715821	0.298475153321051	0.626228047120437	0.914999467934896
s__Enterobacter_cloacae	-0.616950086834557	0.665958207268987	0.36719908091267	0.899263055296335
s__Citrobacter_freundii	-0.313777424594687	0.246355539619598	0.21991747587513	0.787764092687035
s__Escherichia_coli	-0.404231758633859	0.29118195256569	0.182987551627646	0.71120667839085
s__Salmonella_enterica	-0.271603656398378	0.245711423103613	0.284395385784485	0.838462515908161
s__Klebsiella_sp._LY	-0.26052368191908	0.26572919336186	0.340631089429862	0.891392910524647
s__Fimbriimonas_ginsengisoli	-0.0518887854011402	0.325638505215107	0.875275090380475	0.983059496505845
s__Deinococcus_ficus	0.134620522040245	0.320261142280912	0.679497906181376	0.928866896312224
s__Thermus_thermophilus	0.307780890813511	0.335705625047809	0.372061942338541	0.901968345063129
s__Meiothermus_ruber	0.021899867759678	0.44540179745829	0.96135784577166	0.987981424274289
s__Ktedonosporobacter_rubrisoli	-0.132006500999238	0.19143644728926	0.499777463557921	0.908070197109259
s__Pelolinea_submarina	0.154233416030973	0.218304359215849	0.489444298323085	0.908070197109259
s__Chloroflexus_aggregans	0.373180785266424	0.220241640132193	0.108425591315702	0.623118070701876
s__Roseiflexus_castenholzii	0.103415984881674	0.258605411717685	0.694211023170208	0.928866896312224
s__Candidatus_Promineofilum_breve	0.241198316366905	0.36538591181638	0.518022086649131	0.908070197109259
s__Dehalogenimonas_lykanthroporepellens	-0.209403675859573	0.374534543524341	0.583382079341124	0.908070197109259
s__Dehalococcoides_mccartyi	-0.129141293259699	0.378702618179471	0.73727449492808	0.944454646257702
s__Candidatus_Izimaplasma_sp._HR1	0.378305934105823	0.220293669509725	0.104088905905988	0.623118070701876
s__Candidatus_Phytoplasma_australiense	0.150012692420082	0.291560869210719	0.613515568700254	0.914999467934896
s__Acholeplasma_palmae	-0.155124779563019	0.320323255110458	0.634370253910022	0.914999467934896
s__Ureaplasma_urealyticum	-0.373375835996589	0.254329022952051	0.160341249178419	0.700877236463876
s__Mycoplasmopsis_felis	-0.60840886476487	0.554249953312434	0.287633992909326	0.839296757425388
s__Mycoplasma_mycoides	-0.714288961993935	0.752738515158237	0.355956853044411	0.891392910524647
s__Entomoplasma_luminosum	0.29064828030072	0.244112651555865	0.250158776755557	0.829138384870667
s__Mesoplasma_florum	-0.0420119758973762	0.348391735862505	0.905430896816292	0.985911850265357
s__Spiroplasma_cantharicola	-0.737493822238293	0.762071203501981	0.346736963482635	0.891392910524647
s__Chroococcidiopsis_thermalis	0.0333633486690974	0.256210551781869	0.897922027877329	0.985911850265357
s__cyanobacterium_endosymbiont_of_Epithemia_turgida	-0.359468685010699	0.255010985663921	0.17668378812548	0.71120667839085
s__cyanobacterium_endosymbiont_of_Rhopalodia_gibberula	-0.341261450918423	0.294997437793731	0.263340061870456	0.832413494543995
s__Pleurocapsa_sp._PCC_7327	0.383110836015488	0.220584319023833	0.100506248487	0.623118070701876
s__Stanieria_sp._NIES-3757	0.139476090258155	0.232688403012299	0.556803604464789	0.908070197109259
s__Stanieria_cyanosphaera	-0.852690322526427	0.601171645341057	0.174151780529922	0.71120667839085
s__Geitlerinema_sp._PCC_7407	0.0220992504154817	0.261092690981866	0.93353528322001	0.985911850265357
s__[Phormidium]_sp._ETS-05	0.189556774251294	0.359084174974022	0.60439881222745	0.91136437706355
s__Crinalium_epipsammum	-0.12319194376463	0.22657411221193	0.593696455387222	0.91136437706355
s__Oscillatoria_nigro-viridis	0.387633169664344	0.221070879287462	0.0975382602171836	0.623118070701876
s__Oscillatoria_acuminata	0.126386573112631	0.223312358995884	0.578813773978604	0.908070197109259
s__Moorea_producens	0.561219795268555	0.539595123084086	0.312871937171256	0.878278272766661
s__Planktothrix_rubescens	-0.0255868152238546	0.310516167658302	0.93529035863802	0.986679938782966
s__Oxynema_sp._AP17	-0.17680040948093	0.230057480706164	0.452731588424218	0.908070197109259
s__Microcoleus_sp._PCC_7113	0.0136456851837297	0.422042710508641	0.974583492210221	0.990007044258272
s__Trichodesmium_erythraeum	0.129253792984891	0.522531115256875	0.80759162432301	0.97194400088307
s__Cyanobacterium_aponinum	0.108825924276452	0.27445949002071	0.696661854299192	0.928866896312224
s__Crocosphaera_subtropica	0.0130712831848014	0.260532634687128	0.960570591251606	0.987981424274289
s__Euhalothece_natronophila	0.146307972516649	0.211812513863052	0.499050915770288	0.908070197109259
s__Rippkaea_orientalis	0.383110836015488	0.220584319023833	0.100506248487	0.623118070701876
s__Candidatus_Atelocyanobacterium_thalassa	0.12267366959266	0.219623391382521	0.583742492017712	0.908070197109259
s__Gloeothece_citriformis	0.515188207960521	0.238925262579187	0.0456772655710201	0.623118070701876
s__Gloeothece_verrucosa	0.280749497878616	0.239171813193453	0.256642470813859	0.832413494543995
s__Microcystis_aeruginosa	0.063707691248119	0.515399617618982	0.903075089151522	0.985911850265357
s__Chondrocystis_sp._NIES-4102	-0.168425420586274	0.330350705714577	0.616719839084852	0.914999467934896
s__Geminocystis_herdmanii	-0.200111101305568	0.20962663404548	0.353154586069705	0.891392910524647
s__Geminocystis_sp._NIES-3709	-0.0161634256663682	0.304723302178695	0.958316016782003	0.987981424274289
s__Geminocystis_sp._NIES-3708	-0.119889016055414	0.290564047183127	0.685050791838568	0.928866896312224
s__Gloeocapsa_sp._PCC_7428	-0.59324449276601	0.4475725685754	0.202553002840615	0.751332655282742
s__Pseudanabaena_sp._ABRG5-3	0.121864239463775	0.222830693151961	0.59156034127745	0.91136437706355
s__Pseudanabaena_sp._PCC_7367	-0.0252178424219962	0.255763600020526	0.922610541378672	0.985911850265357
s__Acaryochloris_marina	-0.401612893827725	0.486111300378265	0.420149419701816	0.908070197109259
s__Thermoleptolyngbya_sp._PKUAC-SCTB121	0.64048173068582	0.579409573972059	0.284383798402652	0.838462515908161
s__Cyanobium_sp._NIES-981	0.252495248888981	0.38150618520284	0.516946782619166	0.908070197109259
s__Thermosynechococcus_elongatus	-0.0581204702161352	0.362932171129371	0.874657117230604	0.983059496505845
s__Synechococcus_sp._Minos11	0.438480532612996	0.290153497511647	0.149102084012485	0.700877236463876
s__Synechococcus_elongatus	-0.21357091587379	0.536914045763442	0.695746651364513	0.928866896312224
s__Synechococcus_sp._PCC_7002	0.260107796143369	0.767003774102943	0.738670942458389	0.944454646257702
s__Synechococcus_sp._RS9909	0.391904331927916	0.221718841273312	0.0950756428009513	0.623118070701876
s__Synechococcus_sp._PROS-U-1	0.387633169664344	0.221070879287462	0.0975382602171836	0.623118070701876
s__Synechococcus_sp._NIES-970	0.387633169664344	0.221070879287462	0.0975382602171836	0.623118070701876
s__Synechococcus_sp._BIOS-E4-1	0.661754609116154	0.442472344116332	0.153094893898711	0.700877236463876
s__Synechococcus_sp._WH_8109	-0.608874221784897	0.447987990187631	0.191864043991708	0.728021668901341
s__Synechococcus_sp._PCC_7003	-0.153069323076061	0.387739001124968	0.697918589663525	0.928866896312224
s__Leptolyngbya_boryana	0.387633169664344	0.221070879287462	0.0975382602171836	0.623118070701876
s__Leptolyngbya_sp._15MV	0.425206025429241	0.375163777748521	0.272782996803968	0.832413494543995
s__Leptolyngbya_sp._7M	-0.279309189548029	0.245338394220115	0.270716481745816	0.832413494543995
s__Prochlorococcus_sp._MIT_0801	0.640944059340667	0.373262224958323	0.104114733042762	0.623118070701876
s__Prochlorococcus_marinus	-0.2367536526429	0.329425200369351	0.482095971057036	0.908070197109259
s__Chamaesiphon_minutus	-0.35558998239731	0.21251349220633	0.112576195781413	0.623118070701876
s__Brasilonema_sennae	0.0670528198558298	0.225347887859791	0.769650252765928	0.952144642597024
s__Scytonema_sp._HK-05	0.435329614523183	0.345473306174595	0.224658382852649	0.801754823563356
s__Scytonema_sp._NIES-4073	-0.575074373039978	0.737149290896675	0.446039473716078	0.908070197109259
s__Nodularia_spumigena	0.415845576146895	0.288023721342125	0.166974760578706	0.700877236463876
s__Sphaerospermopsis_kisseleviana	-0.110515237650735	0.314177732452	0.729340473421045	0.944454646257702
s__Fischerella_sp._NIES-3754	0.210892832914576	0.3709115190585	0.577075904609034	0.908070197109259
s__Fischerella_sp._NIES-4106	-0.368767391492582	0.455255466571578	0.429120523560849	0.908070197109259
s__Tolypothrix_sp._PCC_7910	-0.32322876789742	0.393628877793616	0.422926775446923	0.908070197109259
s__Microchaete_diplosiphon	-0.207605306712129	0.342815688401249	0.552787837017343	0.908070197109259
s__Rivularia_sp._PCC_7116	-0.649736905645297	0.45436110306458	0.17083882638807	0.700877236463876
s__Calothrix_sp._NIES-2098	0.403264457517312	0.32430952383089	0.230575498197408	0.814617406439584
s__Calothrix_sp._PCC_7507	0.37434709506011	0.258865291173391	0.166332125471148	0.700877236463876
s__Calothrix_sp._NIES-2100	-0.260156579885814	0.24781639637615	0.308507729710587	0.87365020802998
s__Calothrix_brevissima	0.804948942047958	0.59376675772734	0.192943253369972	0.729234343445563
s__Calothrix_parasitica	-0.628110807721037	0.485917122320742	0.213432733643581	0.779645587413067
s__Calothrix_sp._PCC_6303	-0.321551177515988	0.411645447079647	0.445464865975725	0.908070197109259
s__Calothrix_sp._336/3	-0.271552811557436	0.340281555770422	0.435863133526721	0.908070197109259
s__Cylindrospermum_stagnale	0.207485094770449	0.271981174210873	0.455999650421404	0.908070197109259
s__Trichormus_azollae	0.0262090034480147	0.222540884282295	0.907628917642388	0.985911850265357
s__Anabaena_cylindrica	0.0441421302748676	0.279310496793079	0.876287642901825	0.983059496505845
s__Anabaena_sp._90	0.534058767814586	0.324401104783225	0.118063841168079	0.633191550398636
s__Anabaena_sp._WA102	0.430338781110517	0.235393237294947	0.0851271460591083	0.623118070701876
s__Richelia_sinica	-0.712838382406066	0.323752761497261	0.0417765567212592	0.623118070701876
s__Nostoc_sp._C052	-0.164028166168382	0.197635568013887	0.418068532247773	0.908070197109259
s__Nostoc_sp._UHCC_0702	-0.0957490822671246	0.189503073790001	0.619860994784251	0.914999467934896
s__Nostoc_sp._TCL26-01	-0.104123713713511	0.19278944061654	0.596139823342562	0.91136437706355
s__Nostoc_sp._ATCC_53789	-0.240633845072282	0.495537079137013	0.633448700196218	0.914999467934896
s__Nostoc_sp._PCC_7524	-0.557513901311577	0.406561764876203	0.188115774408023	0.720420662199517
s__Nostoc_sp._PCC_7107	0.223396339344801	0.592552128747621	0.710833124774093	0.93426321666803
s__Nostoc_linckia	-0.201135532090033	0.466588676125828	0.671828998371043	0.928866896312224
s__Nostoc_punctiforme	-0.433560740189691	0.258630660253747	0.111957265063938	0.623118070701876
s__Nostoc_sphaeroides	-0.533875181338523	0.22629400485848	0.0305389896770883	0.623118070701876
s__Nostoc_edaphicum	-0.249198262778002	0.315343915357745	0.44027093900539	0.908070197109259
s__Nostoc_flagelliforme	0.419431781588878	0.51962132718214	0.430707931418295	0.908070197109259
s__Nostoc_sp._Peltigera_membranacea_cyanobiont_N6	0.636657183449939	0.404053151492357	0.133525905380696	0.683176082927003
s__Nostoc_sp._NIES-4103	-0.272130103872647	0.53980785465662	0.620645016154827	0.914999467934896
s__Nostoc_sp._Lobaria_pulmonaria_(5183)_cyanobiont	-0.207008514543739	0.296381436882765	0.49433854682627	0.908070197109259
s__Nostoc_sp._CENA543	-0.139300735934758	0.363507771615208	0.706311943063609	0.931400364479485
s__Nostoc_sp._NIES-3756	-0.227606165660838	0.325714187818221	0.494132541273503	0.908070197109259
s__Aquihabitans_sp._G128	0.523270472951307	0.236654953553574	0.0410174168057565	0.623118070701876
s__Rubrobacter_sp._SCSIO_52915	0.180078085934652	0.217204663839858	0.418553570908903	0.908070197109259
s__Olsenella_uli	0.373180785266424	0.220241640132193	0.108425591315702	0.623118070701876
s__Arabia_massiliensis	0.383110836015488	0.220584319023833	0.100506248487	0.623118070701876
s__Euzebya_pacifica	0.373180785266424	0.220241640132193	0.108425591315702	0.623118070701876
s__Egibacter_rhizosphaerae	-0.399747277790162	0.440214603396927	0.376532815930188	0.908070197109259
s__Miltoncostaea_oceani	-0.220565286708235	0.47346256860827	0.647231748913466	0.918877287986089
s__Natronoglycomyces_albus	0.174719303841585	0.595586470055338	0.772800502315942	0.953906435675573
s__Catenulispora_acidiphila	0.712587819159275	0.375015590095087	0.0745100658414351	0.623118070701876
s__Frankia_sp._QA3	0.147659364382948	0.351041570286687	0.679293011508613	0.928866896312224
s__Jiangella_alkaliphila	0.360180652685271	0.582090756959843	0.544270503638483	0.908070197109259
s__Gardnerella_vaginalis	0.350424053187718	0.656704560069932	0.600519593757392	0.91136437706355
s__Bifidobacterium_pseudolongum	0.275723748662131	0.485237291558785	0.577311737718372	0.908070197109259
s__Streptomonospora_sp._M2	0.387633169664344	0.221070879287462	0.0975382602171836	0.623118070701876
s__Nocardiopsis_dassonvillei	0.0907569308343771	0.242744330887354	0.713116626461223	0.935234919949145
s__Thermomonospora_amylolytica	0.399794928936883	0.223391571028326	0.0913375417575083	0.623118070701876
s__Actinomadura_sp._NAK00032	0.74601818262936	0.356637614504155	0.0517735473216118	0.623118070701876
s__Thermobispora_bispora	0.400953501473528	0.277972421022169	0.167354758874448	0.700877236463876
s__Nonomuraea_sp._ATCC_55076	0.606724010187065	0.436422499622474	0.182396972089076	0.71120667839085
s__Streptosporangium_sp._caverna	-0.707447028914387	0.478148920677377	0.15728493202515	0.700877236463876
s__Actinopolymorpha_singaporensis	-0.443773418356037	0.617481314786629	0.482098360963936	0.908070197109259
s__Nocardioides_sp._MC1495	0.196255997169763	0.413926793007589	0.64143835351001	0.917241472106764
s__Auraticoccus_monumenti	0.42831038581268	0.282450058659379	0.147789754964896	0.700877236463876
s__Microlunatus_sp._KUDC0627	0.196744550920441	0.236515645033967	0.417028261206487	0.908070197109259
s__Acidipropionibacterium_acidipropionici	0.391904331927916	0.221718841273312	0.0950756428009513	0.623118070701876
s__Cutibacterium_acnes	-0.204905474711955	0.755737698154433	0.789553450172371	0.963114754975192
s__Polymorphospora_rubra	0.733046727412011	0.274408137973541	0.0161082762722767	0.623118070701876
s__Phytohabitans_flavus	0.425124222803786	0.232754592908135	0.0853898793426282	0.623118070701876
s__Plantactinospora_sp._BB1	0.176286264805982	0.25504865590188	0.498778854443557	0.908070197109259
s__Catellatospora_sp._IY07-71	0.388948559589568	0.391554014119174	0.334470953843325	0.891392910524647
s__Micromonospora_echinofusca	0.313925168675571	0.486479222971928	0.527346706242024	0.908070197109259
s__Actinoplanes_sp._N902-109	-0.222063865357574	0.419048735664342	0.603017935307563	0.91136437706355
s__Salinispora_tropica	-0.27361226343217	0.442029870256301	0.544129068598955	0.908070197109259
s__Flaviflexus_salsibiostraticola	-0.202854484570168	0.481949664843896	0.679098373106461	0.928866896312224
s__Schaalia_odontolytica	-0.241321263854998	0.594001327239751	0.689617123773826	0.928866896312224
s__Actinomyces_oris	-0.148131402728897	0.346873054697202	0.674704018698415	0.928866896312224
s__Allokutzneria_albata	0.0564730342174203	0.252054514448054	0.825388267753346	0.977031734948473
s__Kibdelosporangium_phytohabitans	0.373180785266424	0.220241640132193	0.108425591315702	0.623118070701876
s__Alloactinosynnema_sp._L-07	0.411654409328433	0.238311994751259	0.102222340513951	0.623118070701876
s__Lentzea_guizhouensis	-0.045642394774195	0.21299711776329	0.832872954224157	0.979283368716634
s__Actinosynnema_pretiosum	0.47869964633178	0.314511522855675	0.14638205313525	0.700877236463876
s__Saccharothrix_syringae	0.154477989704995	0.324664438088253	0.640268024289824	0.917241472106764
s__Saccharopolyspora_erythraea	-0.355962961311247	0.315017657381319	0.274177458186671	0.832413494543995
s__Amycolatopsis_albispora	0.621393005107934	0.456222269639872	0.19096175083884	0.727473336528915
s__Kutzneria_sp._CA-103260	-0.287441109446628	0.303938815296966	0.357540477982679	0.891392910524647
s__Pseudonocardia_sp._AL041005-10	0.37773121262502	0.739949802649955	0.616278226184657	0.914999467934896
s__Dietzia_lutea	0.334557716261536	0.430654303280877	0.447917418336021	0.908070197109259
s__Corynebacterium_segmentosum	-0.682373544985346	0.584447248451697	0.259102351096253	0.832413494543995
s__Nocardia_cyriacigeorgica	0.037275787521446	0.742482332684485	0.960544766031146	0.987981424274289
s__Rhodococcus_globerulus	-0.457872543291388	0.574286965058791	0.436278378338265	0.908070197109259
s__Mycolicibacillus_koreensis	0.824122406389904	0.256001313565107	0.00503498675815092	0.623118070701876
s__Mycobacteroides_abscessus	0.448821573563842	0.283113496532773	0.131321478219704	0.68116739417339
s__Mycolicibacter_minnesotensis	-0.334231433193129	0.288537748155101	0.262730610362526	0.832413494543995
s__Mycolicibacterium_aurum	0.696989245603962	0.567668168160423	0.23624779303295	0.826673757390392
s__Mycobacterium_mantenii	-0.569096759627339	0.497440201250948	0.268456653635409	0.832413494543995
s__Streptacidiphilus_sp._PB12-B1b	0.503771205257708	0.286200491258676	0.0963523169449538	0.623118070701876
s__Kitasatospora_sp._NA04385	-0.240529235500844	0.517533258959085	0.647999920798523	0.918877287986089
s__Streptomyces_sp._Tu_2975	-0.232230834746822	0.216809670520102	0.299084076073861	0.857076755316138
s__Georgenia_faecalis	0.400953501473528	0.277972421022169	0.167354758874448	0.700877236463876
s__Xylanimonas_cellulosilytica	0.0445179687276496	0.254100218768392	0.862993468681534	0.979283368716634
s__Ornithinimicrobium_pratense	0.373180785266424	0.220241640132193	0.108425591315702	0.623118070701876
s__Brachybacterium_faecium	-0.142374177093616	0.286548345432009	0.625652377146796	0.914999467934896
s__Brevibacterium_sp._JNUCC-42	-0.103459324478782	0.48019323812319	0.831977473109059	0.979283368716634
s__Arsenicicoccus_sp._oral_taxon_190	0.413497455968298	0.22772380511633	0.0870826261821661	0.623118070701876
s__Cellulomonas_flavigena	0.113739504668987	0.326770291125734	0.732059144066767	0.944454646257702
s__Dermatophilus_congolensis	0.244010816081538	0.391660296468885	0.541542302525711	0.908070197109259
s__Rathayibacter_sp._VKM_Ac-2760	0.415845576146895	0.288023721342125	0.166974760578706	0.700877236463876
s__Humibacter_sp._WJ7-1	0.422672166860036	0.27844541665823	0.14739853844261	0.700877236463876
s__Clavibacter_michiganensis	0.0445179687276496	0.254100218768392	0.862993468681534	0.979283368716634
s__Microcella_alkaliphila	0.387633169664344	0.221070879287462	0.0975382602171836	0.623118070701876
s__Microbacterium_caowuchunii	0.450220760840508	0.247457383018737	0.0865098367958124	0.623118070701876
s__Curtobacterium_flaccumfaciens	-0.029283528017127	0.734174294360785	0.968648425336378	0.987981424274289
s__Candidatus_Aquiluna_sp._UB-MaderosW2red	-0.609398366577326	0.314462182860717	0.0694269765788672	0.623118070701876
s__Agromyces_sp._G127AT	-0.403014648479299	0.447027262389685	0.379895001192399	0.908070197109259
s__Leifsonia_xyli	0.157403558552242	0.337935333978002	0.647284841350507	0.918877287986089
s__Microterricola_viridarii	0.158867392513764	0.4079807898178	0.70181568897603	0.92930077436826
s__Protaetiibacter_intestinalis	0.456567098395106	0.554803059259439	0.421938941885364	0.908070197109259
s__Rothia_mucilaginosa	0.0833704077034539	0.806783846145646	0.918904987149258	0.985911850265357
s__Kocuria_varians	-0.0649635888771182	0.519767101661217	0.902000765830451	0.985911850265357
s__Micrococcus_luteus	0.25790710311418	1.14390683725573	0.824308295806338	0.977031734948473
s__Arthrobacter_sp._KBS0702	-0.204691660330915	0.260612662663924	0.443014133676872	0.908070197109259
s__Ndongobacter_massiliensis	0.0333633486690974	0.256210551781869	0.897922027877329	0.985911850265357
s__endosymbiont_TC1_of_Trimyema_compressum	0.02772846126706	0.20068312898403	0.891729218505159	0.985911850265357
s__Turicibacter_sp._H121	0.13114051181866	0.269448077761599	0.632686008232032	0.914999467934896
s__Intestinibaculum_porci	0.387633169664344	0.221070879287462	0.0975382602171836	0.623118070701876
s__Erysipelothrix_rhusiopathiae	0.233068380961629	0.253897335131303	0.371479024293241	0.901968345063129
s__Longicatena_caecimuris	-0.0502537281834943	0.293625745392887	0.866127291873656	0.98167910295007
s__Amedibacterium_intestinale	0.138028207836607	0.366875150051562	0.711402511858677	0.93426321666803
s__Faecalibacillus_intestinalis	-0.361655683627452	0.431097012636666	0.413156096491532	0.908070197109259
s__[Clostridium]_innocuum	0.249265156373453	0.515346035000926	0.634780880879834	0.914999467934896
s__Phascolarctobacterium_faecium	0.203774558857181	0.462232906242092	0.664877813606044	0.928866896312224
s__Dialister_pneumosintes	0.169077948327973	0.214159876083897	0.440696561175115	0.908070197109259
s__Veillonella_parvula	-0.654840162373627	0.651507457957999	0.328934425073193	0.891392910524647
s__Pectinatus_frisingensis	0.0456749310702516	0.25626327468024	0.860645590295415	0.979283368716634
s__Selenomonas_sp._oral_taxon_136	0.0736286495557175	0.232009827317097	0.75484147091742	0.945030172695816
s__Megamonas_funiformis	-0.235281253546812	0.369963826700755	0.533273144977294	0.908070197109259
s__Methylomusa_anaerophila	0.378305934105823	0.220293669509725	0.104088905905988	0.623118070701876
s__Pelosinus_sp._UFO1	-0.40246029555626	0.410128099673607	0.340203092131444	0.891392910524647
s__Ezakiella_massiliensis	0.139844651356503	0.298568490045395	0.645459651681807	0.918877287986089
s__Sedimentibacter_sp._zth1	-0.0654795259358717	0.265186799473633	0.807928450734052	0.97194400088307
s__Gottschalkia_acidurici	-0.371656654543419	0.5913436018306	0.538032902738843	0.908070197109259
s__Helcococcus_kunzii	-0.122803799401413	0.208603030458789	0.563806080740625	0.908070197109259
s__Peptoniphilus_harei	0.348046220635739	0.271099371682627	0.216423745715627	0.786995438965916
s__Finegoldia_magna	-0.698512488130112	0.361253694203081	0.0699935501264158	0.623118070701876
s__Parvimonas_micra	-0.17089242609354	0.323617795500479	0.604277125073419	0.91136437706355
s__Anaerococcus_prevotii	-0.454932609027061	0.474667373947023	0.351282352854942	0.891392910524647
s__Schnuerera_ultunensis	-0.0813799496923874	0.335835641794902	0.811430855169309	0.973484722918179
s__Tissierellia_sp._JN-28	-0.11834428163104	0.357966072843344	0.744984835828818	0.945030172695816
s__Keratinibaculum_paraultunense	-0.297445062344799	1.30736301988388	0.822736825546094	0.977031734948473
s__Koleobacter_methoxysyntrophicus	0.373180785266424	0.220241640132193	0.108425591315702	0.623118070701876
s__Biomaibacter_acetigenes	-0.274619959829831	0.242871361484037	0.273872728133646	0.832413494543995
s__Tepidanaerobacter_acetatoxydans	0.0313777457386186	0.197808227897297	0.875831840567407	0.983059496505845
s__Natranaerobius_thermophilus	0.0735710819651916	0.239915247439408	0.762830564946427	0.950709931440464
s__Anoxybacter_fermentans	0.13726216912877	0.280786047863085	0.631194908536688	0.914999467934896
s__Halothermothrix_orenii	0.231293069165691	0.250962027319295	0.369618981324312	0.901968345063129
s__Halanaerobium_praevalens	0.147495219710157	0.465159132268916	0.755039731726762	0.945030172695816
s__Halocella_sp._SP3-1	-0.13701627863178	0.314610283508233	0.668670655488844	0.928866896312224
s__Acetohalobium_arabaticum	-0.282380202743588	0.268937771953707	0.308423862853006	0.87365020802998
s__Halobacteroides_halobius	-0.0544375050775077	0.256287960574921	0.834315073597373	0.979283368716634
s__Mahella_australiensis	0.0456749310702516	0.25626327468024	0.860645590295415	0.979283368716634
s__Ammonifex_degensii	0.431988942022459	0.297534183593701	0.16473627897345	0.700877236463876
s__Caldanaerobacter_subterraneus	-0.0361910218123903	0.273444883883095	0.896259664648214	0.985911850265357
s__Thermoanaerobacter_italicus	0.181768463304503	0.430647815401372	0.67825520132535	0.928866896312224
s__Carboxydothermus_hydrogenoformans	0.539807767966653	0.386949356271101	0.180965719451513	0.71120667839085
s__Thermodesulfobium_narugense	0.267276904341004	0.24297411771326	0.286656116468115	0.838993511613995
s__Caldicellulosiruptor_owensensis	-0.964192724568844	0.587082632401626	0.118885639200096	0.634056742400513
s__Thermoanaerobacterium_thermosaccharolyticum	-0.367602838087102	0.549490634490168	0.512486203395141	0.908070197109259
s__Thermaerobacter_marianensis	0.41658776493147	0.274348946123931	0.147276323188011	0.700877236463876
s__Fenollaria_sp._EMRHCC_24	0.0220992504154817	0.261092690981866	0.93353528322001	0.985911850265357
s__Alkalicella_caledoniensis	0.159093134449964	0.229263384869085	0.497098757640053	0.908070197109259
s__Christensenella_sp._Marseille-P3954	0.843669001745527	0.506985948192832	0.114417345986574	0.623118070701876
s__Candidatus_Formimonas_warabiya	0.12843066542359	0.219682949538832	0.566483091463248	0.908070197109259
s__Desulfitobacterium_dichloroeliminans	0.111219447860902	0.225694990789444	0.628467786626809	0.914999467934896
s__Thermoanaerosceptrum_fracticalcis	0.395950761077747	0.222500093355942	0.0930318140624393	0.623118070701876
s__Desulfofarcimen_acetoxidans	0.330639721897857	0.291746778696668	0.272814476010698	0.832413494543995
s__Desulfosporosinus_orientis	0.387834996963441	0.232697005955288	0.113891207315186	0.623118070701876
s__Desulfotomaculum_reducens	0.183550221837319	0.225757927342629	0.427435639562679	0.908070197109259
s__Desulfallas_gibsoniae	0.187569837419078	0.236198474311925	0.438071352212104	0.908070197109259
s__Caloranaerobacter_azorensis	-0.581017191759581	0.752188977572473	0.450462948797853	0.908070197109259
s__Eubacterium_sp._NSJ-61	-0.00495442942348017	0.402022535261914	0.990310783622102	0.996539153330417
s__Acetobacterium_woodii	0.221512812911431	0.364521405911101	0.551431031393573	0.908070197109259
s__Candidatus_Syntrophocurvum_alkaliphilum	-0.224383310478429	0.273578374951376	0.423465377726377	0.908070197109259
s__Aminipila_terrae	-0.00140011353075722	0.262153796864584	0.995800844470722	0.998044935160228
s__Mogibacterium_diversum	-0.611680054382744	0.267820456706519	0.0355075840929721	0.623118070701876
s__Petrocella_atlantisensis	0.0114544588126084	0.263541466075106	0.965838423241483	0.987981424274289
s__Vallitalea_pronyensis	-0.544239577724946	0.293061307557429	0.0807116337730952	0.623118070701876
s__Dysosmobacter_sp._Marseille-Q4140	0.451281944833101	0.313911539019603	0.168697928539238	0.700877236463876
s__Oscillibacter_sp._MM50	0.387633169664344	0.221070879287462	0.0975382602171836	0.623118070701876
s__Fastidiosipila_sanguinis	0.234683027401096	0.269416619183861	0.395846270869576	0.908070197109259
s__Monoglobus_pectinilyticus	-0.138359451673144	0.291917671445602	0.641553461487045	0.917241472106764
s__Thermoclostridium_stercorarium	0.124390312074556	0.389584151699747	0.753396682130937	0.945030172695816
s__Ruminococcus_sp._JE7A12	-0.133290018637237	0.391892269498973	0.737933262193757	0.944454646257702
s__Pseudoclostridium_thermosuccinogenes	-0.208177020122947	0.29612697419171	0.491572211853215	0.908070197109259
s__Ruminiclostridium_herbifermentans	-0.278052719287381	0.418340656846203	0.515186048789879	0.908070197109259
s__Acetivibrio_saccincola	-0.303184562031674	0.441699085915426	0.501713384578763	0.908070197109259
s__Faecalibacterium_prausnitzii	0.955022405319168	0.434798621324006	0.0422166744920011	0.623118070701876
s__Faecalicatena_sp._Marseille-Q4148	0.283360136513606	0.326003724778359	0.396847845824702	0.908070197109259
s__Pseudobutyrivibrio_xylanivorans	0.0540164589497615	0.495092626425734	0.914397714653331	0.985911850265357
s__Lacrimispora_saccharolytica	0.270345140596647	0.242745823618493	0.280908809258499	0.838462515908161
s__Enterocloster_bolteae	0.102674040010082	0.241322471857134	0.675835657393148	0.928866896312224
s__Coprococcus_sp._ART55/1	-0.0770061397625361	0.281021982247549	0.787369641135355	0.961672844134785
s__Anaerobutyricum_hallii	-0.389601361195511	0.261021859462606	0.153867672438742	0.700877236463876
s__Herbinix_luporum	0.184536350569253	0.2899899386674	0.533020654971381	0.908070197109259
s__Butyrivibrio_fibrisolvens	-0.209623966745315	0.257521416428443	0.426897069239559	0.908070197109259
s__Anaerostipes_hadrus	-0.163063963006097	0.396286041436876	0.685861380892931	0.928866896312224
s__Anaerocolumna_cellulosilytica	-0.371117802666347	0.416712279239139	0.385582566608315	0.908070197109259
s__[Ruminococcus]_torques	-0.0962612223494669	0.540032569189058	0.860632932634222	0.979283368716634
s__Roseburia_hominis	-0.373949396105991	0.418570820315041	0.384118499819637	0.908070197109259
s__Lachnoclostridium_phytofermentans	0.806472756327023	0.428269580695897	0.0769138215527391	0.623118070701876
s__Cellulosilyticum_lentocellum	-0.0854847776467363	0.483882653343669	0.861859701524915	0.979283368716634
s__Blautia_producta	-0.0251374503257432	0.591657407139902	0.966605907634138	0.987981424274289
s__Lachnoanaerobaculum_umeaense	-0.30422049459935	0.561168168015762	0.594771346046226	0.91136437706355
s__Peptoclostridium_acidaminophilum	0.373180785266424	0.220241640132193	0.108425591315702	0.623118070701876
s__Acetoanaerobium_sticklandii	-0.00449597837024749	0.251465034139546	0.98594343661585	0.994228675579008
s__Filifactor_alocis	-0.032555368965143	0.25762432899401	0.900923497603572	0.985911850265357
s__Paraclostridium_bifermentans	-0.269390272968908	0.350256236813916	0.452374327597694	0.908070197109259
s__Peptacetobacter_hiranonis	-0.298408746958105	0.391486951035061	0.456360513098127	0.908070197109259
s__Paeniclostridium_sordellii	-1.01548248982145	0.589168374904976	0.102919574968547	0.623118070701876
s__Clostridioides_difficile	-0.607442092245067	0.275154792032263	0.0412990796741209	0.623118070701876
s__Romboutsia_sp._CE17	0.145513552196084	0.482247277228233	0.766509882223874	0.950709931440464
s__Caloramator_sp._E03	-0.176782061100273	0.282841019082364	0.540255775392758	0.908070197109259
s__Geosporobacter_ferrireducens	-0.592039604941177	0.320707046571948	0.0823729893051163	0.623118070701876
s__Hungatella_hathewayi	-0.107365224339145	0.357469753707257	0.767553809270635	0.950776331483625
s__Candidatus_Arthromitus_sp._SFB-rat-Yit	-0.450358240814582	0.403705958660767	0.280132142879858	0.838462515908161
s__Sarcina_sp._JB2	-0.292948861019847	0.344085049327444	0.406389097540295	0.908070197109259
s__Hathewaya_histolytica	-0.334392108340065	0.435649012742186	0.453271287856445	0.908070197109259
s__Crassaminicella_sp._SY095	-0.31810549567576	0.503733775898572	0.53611655977801	0.908070197109259
s__Alkaliphilus_sp._B6464	-0.383028123865853	0.560656558268722	0.503699720416086	0.908070197109259
s__Serpentinicella_alkaliphila	-0.714862924989743	0.800028307235982	0.384039800463762	0.908070197109259
s__Clostridium_botulinum	-0.661109310368583	0.400817162131405	0.117419048126285	0.633191550398636
s__Suicoccus_acidiformans	-0.12693853602353	0.669191412924862	0.851798967123051	0.979283368716634
s__Aerococcus_christensenii	0.280484663286795	0.253600125682187	0.284128182068869	0.838462515908161
s__Marinilactibacillus_sp._15R	0.42831038581268	0.282450058659379	0.147789754964896	0.700877236463876
s__Carnobacterium_maltaromaticum	0.0240072024663934	0.401921454195575	0.953066379097292	0.987981424274289
s__Dolosigranulum_pigrum	0.01785427829723	0.349786717909348	0.959885960544049	0.987981424274289
s__Jeotgalibaca_porci	-0.776768947124052	0.660818887268769	0.256009904891643	0.832413494543995
s__Tetragenococcus_osmophilus	-0.211243757306229	0.283757809060093	0.466770742520542	0.908070197109259
s__Vagococcus_carniphilus	0.124017035079212	0.365615507017197	0.73861265492702	0.944454646257702
s__Melissococcus_plutonius	-0.143250993684937	0.275817407136657	0.610199603272844	0.912448004893972
s__Enterococcus_faecium	-0.759043291281676	0.306871759712695	0.0242254885746515	0.623118070701876
s__Apilactobacillus_bombintestini	0.0456749310702516	0.25626327468024	0.860645590295415	0.979283368716634
s__Oenococcus_oeni	0.387633169664344	0.221070879287462	0.0975382602171836	0.623118070701876
s__Levilactobacillus_brevis	0.378205153901768	0.256816211894338	0.159113461524553	0.700877236463876
s__Loigolactobacillus_coryniformis	0.509511986434249	0.233448379257319	0.0433871073320963	0.623118070701876
s__Liquorilactobacillus_hordei	0.0552253191891294	0.233551150776212	0.815901968826405	0.974211306061379
s__Lentilactobacillus_hilgardii	0.42777567987898	0.234067538730375	0.0852203545353015	0.623118070701876
s__Fructilactobacillus_sanfranciscensis	0.789886979187202	0.323931158683988	0.026017605301606	0.623118070701876
s__Paucilactobacillus_oligofermentans	-0.278910959743747	0.446135633432439	0.540160894834827	0.908070197109259
s__Lacticaseibacillus_rhamnosus	-0.157044336867588	0.280261063280736	0.582550622288107	0.908070197109259
s__Leuconostoc_mesenteroides	-0.0983917173411338	0.381784732731704	0.799720501424099	0.966607077809074
s__Companilactobacillus_alimentarius	-0.262299017692425	0.280752297017643	0.363245332287613	0.896440922869172
s__Weissella_soli	-0.494676355750138	0.312605098048013	0.131976182621094	0.68116739417339
s__Ligilactobacillus_salivarius	-0.394898957861025	0.334320507567518	0.253785644491543	0.831516104818706
s__Pediococcus_pentosaceus	-0.176303100819936	0.398520445023453	0.663780959397529	0.928866896312224
s__Lactiplantibacillus_plantarum	-0.426909794638228	0.432636493492149	0.337595902594378	0.891392910524647
s__Latilactobacillus_sakei	-0.182236692420624	0.543171052701993	0.741348898560962	0.945030172695816
s__Lactobacillus_kullabergensis	-0.399523501955598	0.2737840049885	0.162723262907092	0.700877236463876
s__Limosilactobacillus_fermentum	-0.290546684630439	0.312881800474201	0.366087203389982	0.899263055296335
s__Streptococcus_pneumoniae	-0.291227799694179	0.340322212106873	0.404041322701801	0.908070197109259
s__Lactococcus_cremoris	0.290772529915531	1.20505418071174	0.812213459284439	0.973484722918179
s__Polycladomyces_abyssicola	0.387633169664344	0.221070879287462	0.0975382602171836	0.623118070701876
s__Staphylospora_marina	0.13854833238517	0.225609995385574	0.547276681737303	0.908070197109259
s__Exiguobacterium_alkaliphilum	0.530589104077201	0.249072583271155	0.0480536823557185	0.623118070701876
s__Exiguobacterium_sp._Helios	0.391904331927916	0.221718841273312	0.0950756428009513	0.623118070701876
s__Alicyclobacillus_ferrooxydans	-0.30457764644107	0.397736346876776	0.454310362574127	0.908070197109259
s__Brochothrix_thermosphacta	-0.156834584970553	0.279596588825376	0.582162917345266	0.908070197109259
s__Listeria_monocytogenes	0.0335922850285821	0.610588640457442	0.956766941478195	0.987981424274289
s__Ureibacillus_thermophilus	0.188668889870846	0.274536691036639	0.501208647658129	0.908070197109259
s__Solibacillus_silvestris	0.141024866827467	0.265218249935101	0.601792137885001	0.91136437706355
s__Paenisporosarcina_antarctica	0.232513074485277	0.234057108341093	0.334443835311083	0.891392910524647
s__Jeotgalibacillus_malaysiensis	0.387633169664344	0.221070879287462	0.0975382602171836	0.623118070701876
s__Kurthia_zopfii	0.16041853093173	0.225958669718399	0.487362405869182	0.908070197109259
s__Planococcus_versutus	0.1145876665154	0.289871525090127	0.697534134605232	0.928866896312224
s__Rummeliibacillus_stabekisii	-0.225379132124692	0.228597793992079	0.337997703231767	0.891392910524647
s__Planomicrobium_glaciei	2.17341800789834e-05	0.28299795269109	0.999939616676497	0.999939616676497
s__Viridibacillus_sp._JNUCC-6	-0.142289685463972	0.293709012233553	0.634243568074564	0.914999467934896
s__Sporosarcina_ureae	-0.448991827010947	0.434361172443826	0.315766235643806	0.880480967542563
s__Gemella_sanguinis	0.0482553474656809	0.261574584198653	0.855819519301322	0.979283368716634
s__Gemella_morbillorum	-0.226637905940467	0.383021280669889	0.561831190540094	0.908070197109259
s__Gemella_haemolysans	-0.385265236918839	0.501447105996575	0.452846391233787	0.908070197109259
s__Gemella_sp._zg-570	-0.549697733549042	0.302567222254589	0.0869242461441915	0.623118070701876
s__Aneurinibacillus_sp._XH2	-0.162772012543339	0.28243094164273	0.571947819504248	0.908070197109259
s__Saccharibacillus_brassicae	0.349526023431187	0.488157019108972	0.483704501596219	0.908070197109259
s__Brevibacillus_laterosporus	-0.326514873075548	0.569905221799513	0.574193838988295	0.908070197109259
s__Cohnella_abietis	-0.486096248356044	0.346898620745884	0.179127057679853	0.71120667839085
s__Paenibacillus_yonginensis	-0.555443603652157	0.204166904078803	0.0145376817725544	0.623118070701876
s__Parageobacillus_toebii	-1.23079600386516	0.84720663860395	0.164496800554348	0.700877236463876
s__Sediminibacillus_sp._DP4-553-S	0.123305516584191	0.219630775484993	0.581836210043631	0.908070197109259
s__Salimicrobium_jeotgali	0.378305934105823	0.220293669509725	0.104088905905988	0.623118070701876
s__Radiobacillus_deserti	0.383110836015488	0.220584319023833	0.100506248487	0.623118070701876
s__Paraliobacillus_zengyii	0.57644731936042	0.30815928849845	0.0787158988153275	0.623118070701876
s__Aeribacillus_pallidus	-0.219312582889243	0.400371202513078	0.590968098372305	0.91136437706355
s__Pradoshia_sp._D12	0.183420986864188	0.218367085225211	0.412585055543644	0.908070197109259
s__Anaerobacillus_isosaccharinicus	0.152103536294471	0.23297419238386	0.522567436997344	0.908070197109259
s__Bacillus_cohnii	0.404616709750764	0.254230714416117	0.129912291429204	0.68116739417339
s__Metabacillus_sp._KUDC1714	-0.358779534185428	0.374515083882035	0.351497741087269	0.891392910524647
s__Anoxybacillus_caldiproteolyticus	0.119367020490835	0.311231845175416	0.706080315546008	0.931400364479485
s__Halobacillus_litoralis	0.0443273848570821	0.297257569587709	0.883212781374707	0.985911850265357
s__Alkalihalobacillus_krulwichiae	0.125110659512507	0.391221890344728	0.753020715494477	0.945030172695816
s__Rossellomorea_vietnamensis	0.00857922454241433	0.472366856453628	0.985720914875811	0.994228675579008
s__Pontibacillus_sp._ALD_SL1	-0.144499222103202	0.406983851845733	0.726919550945312	0.944454646257702
s__Lederbergia_lentus	-0.868665979588756	0.380729216440719	0.0356729764783791	0.623118070701876
s__Mesobacillus_foraminis	-0.411861480827489	0.318029998776551	0.21261893667006	0.779645587413067
s__Neobacillus_cucumis	0.378324262940712	0.310754397803011	0.240067665233403	0.826673757390392
s__Weizmannia_coagulans	-0.191235401981953	0.267118702632062	0.483760039736072	0.908070197109259
s__Lentibacillus_sp._CBA3610	-0.148888977051468	0.313040649651289	0.64039806498763	0.917241472106764
s__Fictibacillus_arsenicus	-0.0443679068469144	0.420839693154661	0.917270903795077	0.985911850265357
s__Heyndrickxia_oleronia	-0.554675656674208	0.313362597972324	0.0946454545306173	0.623118070701876
s__Psychrobacillus_glaciei	-0.327639524832659	0.316432884594478	0.314979997256586	0.880480967542563
s__Caldibacillus_thermoamylovorans	0.11281982882465	0.370099814258975	0.764191304736001	0.950709931440464
s__Niallia_circulans	-0.239337022318502	0.402566884947562	0.559989636387685	0.908070197109259
s__Gracilibacillus_sp._SCU50	0.697430756235159	0.455761895855688	0.14434935458212	0.700877236463876
s__Evansella_cellulosilytica	-0.264415644663529	0.400258006183814	0.517713080246985	0.908070197109259
s__Oceanobacillus_kimchii	-0.991495556710576	0.542810736647943	0.0853735636035738	0.623118070701876
s__Cytobacillus_oceanisediminis	-1.26089319895229	0.531762063593393	0.0298128515952169	0.623118070701876
s__Peribacillus_simplex	-0.413087311180756	0.536988433376717	0.452291535990122	0.908070197109259
s__Lysinibacillus_sphaericus	-0.646592026294341	0.626397743590932	0.316422847710609	0.880480967542563
s__Virgibacillus_necropolis	-0.584204360927616	0.618788792644209	0.358339445470519	0.891392910524647
s__Priestia_megaterium	-0.529110932275234	0.207620169044548	0.0207757256512534	0.623118070701876
s__Amphibacillus_xylanus	-0.0921331941885729	0.352563107988027	0.796982295949961	0.966607077809074
s__Bacillus_thuringiensis	-0.433377086950305	0.238962886095942	0.0874357066405345	0.623118070701876
s__Abyssicoccus_albus	0.0229086805443667	0.258360812655342	0.930380911397681	0.985911850265357
s__Nosocomiicoccus_ampullae	0.158448479638307	0.20615805563628	0.452689782330338	0.908070197109259
s__Jeotgalicoccus_sp._WY2	-0.0191435991982213	0.33168384027901	0.954647513951595	0.987981424274289
s__Macrococcus_canis	-0.300571632038912	0.568803915530578	0.604033465647968	0.91136437706355
s__Mammaliicoccus_lentus	-0.567162674095664	0.695992898349382	0.426400536993203	0.908070197109259
s__Staphylococcus_aureus	-0.311691180620727	0.343117536879247	0.3763605009332	0.908070197109259
s__Candidatus_Nanosynbacter_lyticus	0.385350593794793	0.317249891432605	0.241098941369035	0.826673757390392
s__Nibribacter_ruber	0.377482418630435	0.325852607488065	0.262697930103372	0.832413494543995
s__Denitratisoma_oestradiolicum	0.442295210231395	0.374380477276075	0.253705660561834	0.831516104818706
s__Orrella_dioscoreae	0.465146520271998	0.382625552409997	0.240723398262395	0.826673757390392
s__Sodalis_sp._dw_23	-0.180329082217772	0.443283823958495	0.689228741388204	0.928866896312224
s__Phytobacter_ursingii	0.601558680802198	0.465543830427248	0.213590405718372	0.779645587413067
s__Fannyhessea_vaginae	0.412585057782894	0.342274602668684	0.244552102429736	0.829138384870667
s__Gordonia_sp._YC-JH1	0.461455348261974	0.394344148444251	0.258070838471854	0.832413494543995
s__Lawsonella_clevelandensis	0.69731386987979	0.519380517251842	0.197059685321733	0.7389738199565
s__Janibacter_indicus	-0.280479804361707	0.715435417181634	0.6998993827009	0.92930077436826
s__Thermanaeromonas_toyohensis	0.372818986183017	0.321426340667706	0.262125393074122	0.832413494543995
s__Exiguobacterium_sp._PFWT01	0.428001208374295	0.357908245435303	0.248173043244346	0.829138384870667
s__Exiguobacterium_sp._AT1b	0.436792245388789	0.367173215263657	0.250550432408029	0.829138384870667
s__Geobacillus_sp._WCH70	-1.09880660782965	0.660805417099713	0.114671957341339	0.623118070701876
