Representative_ASV	Beta	SE	P	FDR_BH
s__Caldisericum_exile	-0.119066092978509	0.158352975228049	0.462393383937768	0.778461883237766
s__Candidatus_Endomicrobium_trichonymphae	0.071037168737762	0.251721871853731	0.781193217427622	0.950501253143875
s__Elusimicrobium_minutum	0.211629343841382	0.0967368587760007	0.0429521275472821	0.376353902926443
s__Aminobacterium_colombiense	0.160595518605891	0.21832697250063	0.47201788603235	0.778461883237766
s__Thermodesulfovibrio_yellowstonii	0.026993454942814	0.180923396359353	0.883152852767224	0.984736966324506
s__Dissulfurispira_thermophila	0.0151324760914893	0.443420271662511	0.973173608999869	0.997038848250986
s__Thermodesulfobacterium_geofontis	-0.274978924909965	0.204256177643555	0.195901355560708	0.608625570674045
s__Thermodesulfatator_indicus	-0.14123814763043	0.191158463033137	0.470074889545894	0.778461883237766
s__Candidatus_Chazhemtobacterium_aquaticus	0.120835280658525	0.307839622371155	0.699547015637403	0.910307951143208
s__Candidatus_Babela_massiliensis	0.447673820515383	0.223101841581644	0.0609694298295834	0.378807681297818
s__Candidatus_Saccharimonas_aalborgensis	-0.192082496749887	0.205485358770051	0.362993589222198	0.778461883237766
s__Kiritimatiella_glycovorans	0.211629343841382	0.0967368587760007	0.0429521275472821	0.376353902926443
s__Fibrobacter_succinogenes	0.237039871453407	0.117504260236198	0.0597390933389233	0.376353902926443
s__Melioribacter_roseus	-0.109750146555983	0.152345907941357	0.481067304589804	0.778461883237766
s__Ignavibacterium_album	0.367761117076015	0.226858889736633	0.123395010798972	0.495645231661143
s__Atribacter_laminatus	0.130857620590527	0.369900277918461	0.727864694660783	0.927954989208966
s__Geovibrio_thiophilus	0.241609770231703	0.201668606702189	0.247333091802234	0.664800244122149
s__Calditerrivibrio_nitroreducens	-0.127797464159603	0.164059615604454	0.446706156925483	0.778461883237766
s__Flexistipes_sinusarabici	0.224409979894014	0.239652371663909	0.362181300482408	0.778461883237766
s__Deferribacter_desulfuricans	0.0576208078345545	0.147312106203787	0.700546908474959	0.910307951143208
s__Thermotomaculum_hydrothermale	-0.0168592757278012	0.204586226831653	0.935285824076751	0.996989410340191
s__Granulicella_tundricola	0.11715913123285	0.343909350113716	0.737526759943761	0.931054321883675
s__Candidatus_Solibacter_usitatus	-0.2841108667974	0.213547667128901	0.200948155124349	0.617849467780624
s__Dictyoglomus_thermophilum	-0.711424055158635	0.460698441654756	0.140943413671305	0.516562672561164
s__Persephonella_marina	0.358506627489992	0.238485836397575	0.151121112524481	0.53141490118499
s__Sulfurihydrogenibium_sp._YO3AOP1	-0.46325474062592	0.343973269550697	0.195733939237154	0.608625570674045
s__Hydrogenobacter_thermophilus	0.225105841286541	0.107451806339359	0.0514604955984753	0.376353902926443
s__Hydrogenobaculum_sp._Y04AAS1	0.00521860105712199	0.244672131076094	0.983231594212665	0.997038848250986
s__Aquifex_aeolicus	-0.750684443509855	0.259963709050883	0.0102266356178158	0.376353902926443
s__Chlamydia_gallinacea	0.752756095988264	0.303010564343917	0.0236985769342719	0.376353902926443
s__Candidatus_Protochlamydia_naegleriophila	0.242140978462058	0.21213873484688	0.269516170698559	0.680882957554254
s__Neochlamydia_sp._S13	0.242531453871036	0.122270415442073	0.0636951304640564	0.378807681297818
s__Simkania_negevensis	0.410901992842077	0.323653852029232	0.221342078193628	0.638793592010004
s__Humisphaera_borealis	0.189845982070037	0.238264277617656	0.436561700981414	0.778461883237766
s__Candidatus_Kuenenia_stuttgartiensis	-0.0401573674789083	0.208261848423747	0.849383555448693	0.976747282316023
s__Paludisphaera_borealis	0.0842614787186091	0.258240290895961	0.748186726326507	0.936133493065658
s__Isosphaera_pallida	0.284431151623412	0.159912220049236	0.093181089289311	0.428622234792467
s__Aquisphaera_giovannonii	0.433392052610052	0.246302783643054	0.0964592307185319	0.434745828590566
s__Crateriforma_conspicua	-0.128473471739771	0.168496775556464	0.456230372177271	0.778461883237766
s__Gimesia_alba	0.239395505812558	0.615545887036281	0.702166617551114	0.910307951143208
s__Pirellulimonas_nuda	-0.119066092978509	0.158352975228049	0.462393383937768	0.778461883237766
s__Botrimarina_mediterranea	-0.309959058569312	0.396488497183585	0.445107590753019	0.778461883237766
s__Stieleria_neptunia	0.231243294095703	0.112564948080733	0.0556525863311797	0.376353902926443
s__Rubripirellula_lacrimiformis	0.231243294095703	0.112564948080733	0.0556525863311797	0.376353902926443
s__Pirellula_sp._SH-Sr6A	0.120324217834104	0.238699888489751	0.620674208163873	0.866057034647264
s__Lignipirellula_cremea	0.6127956548196	0.396317683747916	0.140463039090722	0.516562672561164
s__Aureliella_helgolandensis	0.266344825508212	0.143704628361741	0.0812599951626831	0.401261117414716
s__Roseimaritima_ulvae	-0.435903980367479	0.200123649588148	0.0437608514158358	0.376353902926443
s__Tuwongella_immobilis	0.284431151623412	0.159912220049236	0.093181089289311	0.428622234792467
s__Limnoglobus_roseus	0.555918355337182	0.359896139933752	0.140838756108963	0.516562672561164
s__Gemmata_massiliana	-0.286563391086197	0.456405023961239	0.538432265714962	0.817871796022727
s__Urbifossiella_limnaea	0.662302354603443	0.340020131101474	0.0681429956677258	0.381669065816914
s__Ereboglobus_luteus	-0.168143841858997	0.195262325599703	0.401156086461193	0.778461883237766
s__Luteolibacter_sp._32A	-0.0238010624520754	0.17278099021123	0.892054249162816	0.98937940250123
s__Verrucomicrobium_spinosum	0.0805096911654876	0.23918062720363	0.740533266575996	0.931054321883675
s__Roseimicrobium_sp._ORNL1	-0.496714308557609	0.307738906405329	0.124917492194383	0.496797389814515
s__Akkermansia_muciniphila	0.0634211987026161	0.243537518890898	0.797670563788955	0.957269966265505
s__Methylacidiphilum_kamchatkense	-0.617831693001302	0.215594011246759	0.0107124318305839	0.376353902926443
s__Leptospira_interrogans	0.276366451595795	0.326990008022022	0.409746761515558	0.778461883237766
s__Brachyspira_murdochii	0.0688188518929424	0.38523297049015	0.860330341901591	0.980833082052495
s__Sphaerochaeta_pleomorpha	0.0537705033363381	0.211567312313669	0.802425825029635	0.957269966265505
s__Thiospirochaeta_perfilievii	-0.250995552995924	0.268547911783913	0.36306113014339	0.778461883237766
s__Spirochaeta_thermophila	-0.346300124260664	0.477587539807588	0.478251929306141	0.778461883237766
s__Treponema_ruminis	-0.395291566483644	0.150066498226988	0.0174056214715211	0.376353902926443
s__Borreliella_burgdorferi	-0.441011438708711	0.190359858297896	0.0332566237310903	0.376353902926443
s__Borrelia_crocidurae	-0.329057745015973	0.216922173626559	0.147657236507504	0.528921444205985
s__Sneathia_vaginalis	-0.445696393002954	0.198281607401087	0.0381493724635674	0.376353902926443
s__Sebaldella_termitidis	0.0146477854518996	0.0935652648244896	0.87744244385953	0.984036518288727
s__Pseudoleptotrichia_goodfellowii	0.0620341568317112	0.078960564135574	0.442894444378365	0.778461883237766
s__Streptobacillus_moniliformis	0.0314329962464637	0.105163634536434	0.76864232293626	0.950336912925607
s__Leptotrichia_buccalis	-0.136621048341278	0.473864354385866	0.776593187794521	0.950501253143875
s__Ilyobacter_polytropus	0.0876625054514214	0.10651160126224	0.421885271416055	0.778461883237766
s__Fusobacterium_ulcerans	-0.594167883425798	0.384802905322749	0.140978562719818	0.516562672561164
s__Defluviitoga_tunisiensis	0.179482372899123	0.246953794524882	0.477246997942995	0.778461883237766
s__Petrotoga_mobilis	-0.112120087983795	0.207329728729325	0.59567362088741	0.851910507396954
s__Tepiditoga_spiralis	-0.694460965697127	0.281290085031021	0.0244561008070556	0.376353902926443
s__Fervidobacterium_nodosum	-0.153602816280043	0.185333393147126	0.418707180128848	0.778461883237766
s__Thermosipho_melanesiensis	0.0682696160708073	0.252726770249156	0.790310570900229	0.952721881659914
s__Thermotoga_profunda	-0.506151239405157	0.227749309962368	0.0401138860656955	0.376353902926443
s__Gemmatirosa_kalamazoonesis	0.241818970739669	0.506224134392296	0.638954086530098	0.876238407920867
s__Candidatus_Cloacimonas_acidaminovorans	0.0983324607862246	0.0939872257757253	0.310102598115766	0.72786917895143
s__Chlorobaculum_limnaeum	0.117234656618827	0.247307459218755	0.641499817059272	0.876238407920867
s__Chlorobium_phaeobacteroides	0.108616041396352	0.383534930005781	0.780445299198191	0.950501253143875
s__Prosthecochloris_sp._HL-130-GSB	0.111853373552464	0.531127052556087	0.835705919517152	0.971217331582523
s__Salinibacter_ruber	0.198180792999431	0.244276569944705	0.428408646174144	0.778461883237766
s__Haliscomenobacter_hydrossis	0.599645977209518	0.424994452241957	0.176297541543859	0.577630170246091
s__Paraflavitalea_soli	-0.108783892291831	0.155662864694277	0.494100941301732	0.778461883237766
s__Niabella_ginsenosidivorans	-0.128473471739771	0.168496775556464	0.456230372177271	0.778461883237766
s__Phnomibacter_ginsenosidimutans	-0.0231919624050269	0.34625597310785	0.947379668260589	0.996989410340191
s__Filimonas_lacunae	0.0345332957068986	0.180552538525504	0.850584091683537	0.976747282316023
s__Pseudobacter_ginsenosidimutans	0.00414266530447252	0.207752690991102	0.984323115353515	0.997038848250986
s__Pseudocnuella_soli	-0.898449279497826	0.418573210621923	0.0465610697882413	0.376353902926443
s__Niastella_koreensis	0.12074632460573	0.359337728905791	0.740964064499092	0.931054321883675
s__Panacibacter_ginsenosidivorans	-0.169641634534293	0.206248861460017	0.42217464251238	0.778461883237766
s__Flavisolibacter_tropicus	0.0292451155400813	0.453046131533955	0.949283564789961	0.996989410340191
s__Arachidicoccus_ginsenosidivorans	0.353822234637058	0.3042350697675	0.260899360229297	0.669688197380014
s__Chitinophaga_sp._KRA15-503	-0.556209253330709	0.22440353992138	0.0239733972222048	0.376353902926443
s__Anseongella_ginsenosidimutans	-0.0611682386720133	0.573636196187949	0.916328816591593	0.996989410340191
s__Pseudopedobacter_saltans	-0.400605549555142	0.20456057885204	0.0668031201957437	0.381669065816914
s__Solitalea_canadensis	0.565402876249414	0.227387870057829	0.0235895848281262	0.376353902926443
s__Pedobacter_heparinus	-0.474827515998624	0.605831091312434	0.443963250983016	0.778461883237766
s__Olivibacter_sp._SDN3	-0.407215591108088	0.273238860972058	0.154458375277246	0.539200146422386
s__Sphingobacterium_sp._G1-14	0.787627426007923	0.497222703519321	0.131606470845608	0.503907242490567
s__Mucilaginibacter_mallensis	-0.453085971708726	0.224807129173416	0.0599495982409638	0.376353902926443
s__Candidatus_Amoebophilus_asiaticus	0.400715063695953	0.19697687025709	0.0578258687686594	0.376353902926443
s__Cardinium_endosymbiont_of_Bemisia_tabaci	-0.335288167931944	0.225828340664801	0.155928622900574	0.540402447597657
s__Mangrovivirga_cuniculi	-0.0987730152826167	0.502097269293664	0.846378610044672	0.976159656453961
s__Marivirga_tractuosa	-0.377634365263079	0.260211076484901	0.164910752799538	0.555735938962405
s__Bernardetia_litoralis	0.0427889743943815	0.0793950299989183	0.596917669267771	0.851910507396954
s__Aquiflexum_balticum	-0.0997656962568335	0.146012930277959	0.503645280391797	0.783629609685778
s__Cyclobacterium_marinum	0.145383586368152	0.279616546059789	0.609810570694871	0.859644857367219
s__Belliella_baltica	-0.713742385839909	0.447801814227452	0.129384626020784	0.503907242490567
s__Algoriphagus_sanaruensis	-0.0271935851652419	0.287707052981073	0.92580256986197	0.996989410340191
s__Echinicola_sp._20G	-0.31031388650767	0.543661605960728	0.57561349102557	0.838063764313022
s__Rufibacter_radiotolerans	0.3191073920974	0.359098685708851	0.38660105987949	0.778461883237766
s__Pontibacter_russatus	0.274658345583607	0.254498042794262	0.295566254708832	0.720161432793094
s__Adhaeribacter_swui	-0.199865008356882	0.253121844985866	0.440636321947777	0.778461883237766
s__Hymenobacter_sp._DG01	-0.221946973090181	0.245301067284534	0.378218892659919	0.778461883237766
s__Flammeovirga_sp._MY04	-0.12753494329751	0.510458694537888	0.8057022216068	0.957269966265505
s__Aquirufa_nivalisilvae	-0.318437184136748	0.169261182821718	0.0771656807854538	0.392653076145295
s__Dyadobacter_fermentans	0.259499707640291	0.434218408470215	0.557967934605257	0.830463902668289
s__Rhodocytophaga_rosea	-0.04996502153443	0.243809034058677	0.840056550587327	0.972803725649981
s__Arcticibacterium_luteifluviistationis	0.120716642161634	0.125293663574559	0.348817870450304	0.769804955476532
s__Cytophaga_hutchinsonii	0.76448978480172	0.433312838869316	0.0956425045354145	0.433098133745273
s__Runella_sp._SP2	-0.419427169140009	0.184556582161801	0.0363149559291392	0.376353902926443
s__Spirosoma_sp._KCTC_42546	0.37249546481844	0.411628179186496	0.37814798145203	0.778461883237766
s__Alkalitalea_saponilacus	0.123517126530758	0.213642510405381	0.570743818857435	0.835234856864538
s__Labilibaculum_antarcticum	-0.500147317496318	0.204467736112662	0.0256159054840238	0.376353902926443
s__Draconibacterium_orientale	0.216567881789528	0.237900385097317	0.375375643998718	0.778461883237766
s__Maribellus_comscasis	0.16489926091067	0.269704200912696	0.54901909724549	0.823448119286078
s__Tenuifilum_thalassicum	0.298627140839132	0.253335869156431	0.254722182738893	0.666303257300646
s__Paludibacter_propionicigenes	0.142956840959197	0.220578559996555	0.525578251550217	0.807288194381133
s__Dysgonomonas_sp._HDW5A	-0.233144443004699	0.240817299870707	0.346548227753722	0.767781590001255
s__Proteiniphilum_saccharofermentans	0.227529401935741	0.272624013358028	0.415523064461916	0.778461883237766
s__Sodaliphilus_pleomorphus	-0.473367732294744	0.35621166886135	0.201444670224308	0.617849467780624
s__Odoribacter_splanchnicus	-0.335196102550291	0.178468591450136	0.0776192256877277	0.392653076145295
s__Butyricimonas_virosa	0.461187657375839	0.194647615372669	0.0299220245233198	0.376353902926443
s__Salinivirga_cyanobacteriivorans	-0.436624688495489	0.306843098250143	0.172840775334367	0.574142367892707
s__Barnesiella_viscericola	0.409359483276517	0.198208374628928	0.0544894167653269	0.376353902926443
s__Coprobacter_secundus	0.132455381748847	0.127591086293683	0.313753531907218	0.729306030583363
s__Porphyromonas_gingivalis	0.0483355406303184	0.446094290236906	0.914984500077736	0.996989410340191
s__Tannerella_forsythia	0.196730275618055	0.212819298072272	0.368214049162868	0.778461883237766
s__Parabacteroides_distasonis	0.0604679767006768	0.0726346195418335	0.416671782846366	0.778461883237766
s__Alistipes_indistinctus	-0.521312801535459	0.197502778971207	0.0172111970000046	0.376353902926443
s__Prevotella_melaninogenica	-0.779423093060211	0.39517840815479	0.065064503435929	0.378807681297818
s__Phocaeicola_salanitronis	0.015746465605279	0.447600465492294	0.972346203362467	0.997038848250986
s__Bacteroides_fragilis	-0.519107646980365	0.232317891334178	0.0391689031233223	0.376353902926443
s__Fluviicola_taffensis	-0.314018799624209	0.376267110533789	0.415537830828688	0.778461883237766
s__Ichthyobacterium_seriolicida	-0.0151753738260785	0.240961767341873	0.950518320184375	0.996989410340191
s__Candidatus_Sulcia_muelleri	0.388935349908296	0.235370608797324	0.11679329471535	0.481208424578264
s__Blattabacterium_cuenoti	-0.658514382382299	0.239396616306272	0.0136472264494539	0.376353902926443
s__Weeksella_virosa	-0.0997656962568335	0.146012930277959	0.503645280391797	0.783629609685778
s__Bergeyella_cardium	-0.189451404766963	0.178410258750624	0.30314057658112	0.723917794820586
s__Epilithonimonas_vandammei	-0.261574346780687	0.227056644396018	0.265255872503056	0.67545261963643
s__Kaistella_jeonii	0.118306359298078	0.317240957337108	0.713814977315874	0.918582276438658
s__Ornithobacterium_rhinotracheale	0.272953986335013	0.534265056114773	0.615994412102779	0.863291438859369
s__Apibacter_raozihei	0.0695786220667804	0.12153398041387	0.574475147055658	0.838063764313022
s__Riemerella_anatipestifer	0.233580992336073	0.297668225094327	0.443426345872958	0.778461883237766
s__Empedobacter_brevis	-0.021049867271156	0.46970421755938	0.964776861440694	0.997038848250986
s__Cloacibacterium_caeni	0.20087002195552	0.30523252361423	0.519294433691708	0.802036020607537
s__Elizabethkingia_anophelis	0.0808794326434511	0.547090050507738	0.884211734345546	0.984736966324506
s__Chryseobacterium_sp._3008163	-0.707532300320814	0.20982486069576	0.00362049478647542	0.376353902926443
s__Dokdonia_sp._MED134	0.318038381022897	0.257003721754108	0.232727502374932	0.642281543165654
s__Zunongwangia_profunda	-0.171088618278887	0.193217753076256	0.388256476548073	0.778461883237766
s__Croceibacter_atlanticus	-0.118976538574051	0.162261756457685	0.47340394129173	0.778461883237766
s__Gillisia_sp._Hel1_33_143	-0.354496499271967	0.184694945958204	0.0718838785707176	0.387688333864544
s__Euzebyella_marina	0.0683542369081992	0.298526306179855	0.821622414669283	0.965431478681165
s__Leeuwenhoekiella_sp._ZYFB001	0.211629343841382	0.0967368587760007	0.0429521275472821	0.376353902926443
s__Muricauda_ruestringensis	0.225105841286541	0.107451806339359	0.0514604955984753	0.376353902926443
s__Changchengzhania_lutea	-0.250876005905979	0.191015942315634	0.206507131970072	0.626500284202958
s__Oceanihabitans_sp._IOP_32	-0.012070021191055	0.184857489698969	0.948701884263496	0.996989410340191
s__Galbibacter_sp._BG1	0.0385454801548614	0.161379052752369	0.814077063884469	0.960090886153674
s__Siansivirga_zeaxanthinifaciens	-0.060734703570724	0.243000900389267	0.805631992397255	0.957269966265505
s__Flagellimonas_maritima	0.0302405756564015	0.173707058846174	0.863851429981379	0.980833082052495
s__Salegentibacter_salegens	-0.0384238212089395	0.226773960349815	0.867453052864097	0.980833082052495
s__Amniculibacterium_sp._G2-70	0.223853624415007	0.252592567540224	0.387861720937252	0.778461883237766
s__Antarcticibacterium_flavum	0.252717266453384	0.131302303556069	0.0711691343502907	0.387688333864544
s__Psychroflexus_torquis	-0.179715481740079	0.192449794406792	0.363466605228097	0.778461883237766
s__Arenibacter_algicola	0.217718006579431	0.204233145841596	0.3013181892344	0.723531974531191
s__Wenyingzhuangia_fucanilytica	0.198664483839398	0.270624819332754	0.472894812941382	0.778461883237766
s__Flavivirga_eckloniae	0.346173084435442	0.216454416465105	0.128175304606753	0.503907242490567
s__Tamlana_carrageenivorans	0.437581799247003	0.286489219263007	0.145054414946494	0.52403817466602
s__Aequorivita_sp._KX20305	-0.0897522521636049	0.216228054685539	0.683273748222506	0.900672903958289
s__Olleya_aquimaris	0.282784584950206	0.219911150485701	0.215716585698406	0.638793592010004
s__Nonlabens_sp._Ci31	0.137360078034567	0.286307003997633	0.637508924699346	0.875548737784509
s__Mariniflexile_sp._TRM1-10	0.0835707796990712	0.10038021951252	0.416645967129342	0.778461883237766
s__Gramella_forsetii	-0.186730113176847	0.244189142721298	0.454938254874425	0.778461883237766
s__Lutibacter_profundi	-0.24125969759433	0.193393075041899	0.229122957314958	0.642281543165654
s__Seonamhaeicola_sp._S2-3	-0.0370590633163158	0.223898648410582	0.870489360321589	0.980833082052495
s__Maribacter_sp._HTCC2170	-1.02865477257534	0.466731030943668	0.0415995316517387	0.376353902926443
s__Winogradskyella_sp._HaHa_3_26	0.42733632390384	0.330372708915984	0.213139325038947	0.638793592010004
s__Urechidicola_croceus	0.055357240962434	0.0878338449168182	0.536911847188151	0.817871796022727
s__Aquimarina_sp._BL5	0.214918892466308	0.0838523737200034	0.0201602092218037	0.376353902926443
s__Psychroserpens_sp._NJDZ02	-0.0433971265618715	0.0984480376897521	0.6649031680085	0.893063315508286
s__Myroides_phaeus	0.00391577480741961	0.0674471012883137	0.954380216818549	0.997038848250986
s__Lacinutrix_sp._5H-3-7-4	0.0969419560725746	0.0735185211061211	0.204790174817511	0.626110088614046
s__Algibacter_sp._L1A34	-0.494370091132684	0.365438779167469	0.193835336021593	0.606130040979573
s__Capnocytophaga_gingivalis	-0.130527039656409	0.506156014408221	0.799596086797714	0.957269966265505
s__Formosa_sp._Hel1_31_208	-0.559494526233498	0.4528986495509	0.233496102671681	0.642281543165654
s__Kordia_antarctica	-0.0780878434580054	0.17853127757108	0.667334173688961	0.893501822512417
s__Cellulophaga_lytica	0.0806626981356409	0.38773950038001	0.837674948489926	0.971217331582523
s__Tenacibaculum_sp._SZ-18	0.529416654889009	0.435476742753444	0.240705909138656	0.658340948071539
s__Polaribacter_sp._L12M9	-0.604007730501665	0.367971560002132	0.119072445035546	0.486423605251593
s__Flavobacterium_johnsoniae	-0.597865265585871	0.250618676463047	0.0289594952228093	0.376353902926443
s__Hydrogenophilus_thermoluteolus	-0.758578984973086	0.403515453504104	0.0773680922845158	0.392653076145295
s__Bdellovibrio_sp._ZAP7	-0.668229559632145	0.391651195266539	0.106174090273872	0.457072316874068
s__Halobacteriovorax_sp._BALOs_7	0.509496200334901	0.371139196784019	0.18765731477269	0.594557828982779
s__Silvanigrella_aquatica	-0.0264077586067249	0.317104292953163	0.934603383990983	0.996989410340191
s__Fluviispira_sanaruensis	-0.277271481436971	0.398025911049754	0.495458552769036	0.778461883237766
s__Hippea_maritima	-0.119066092978509	0.158352975228049	0.462393383937768	0.778461883237766
s__Desulfarculus_baarsii	0.00692187054005562	0.167012975284464	0.967423930654919	0.997038848250986
s__Persicimonas_caeni	0.231243294095703	0.112564948080733	0.0556525863311797	0.376353902926443
s__Candidatus_Desulfofervidus_auxilii	-0.00813763225131905	0.241251612211908	0.973484630042859	0.997038848250986
s__Desulfoglaeba_alkanexedens	0.231243294095703	0.112564948080733	0.0556525863311797	0.376353902926443
s__Syntrophobacter_fumaroxidans	0.103178371165044	0.273933018368233	0.711089620923658	0.916303404143237
s__Desulfolutivibrio_sulfoxidireducens	0.020694672535	0.222953973938361	0.927131373162122	0.996989410340191
s__Lawsonia_intracellularis	0.0897104990067148	0.0848317157074054	0.305074810857759	0.723939815094959
s__Desulfovibrio_ferrophilus	-0.423336196707019	0.213475843186209	0.0637558149568094	0.378807681297818
s__Desulfopila_sp._IMCC35005	-0.127797464159603	0.164059615604454	0.446706156925483	0.778461883237766
s__Desulfotalea_psychrophila	0.218584902980567	0.102170391517969	0.0472046309609191	0.376353902926443
s__Desulfobacula_toluolica	-0.151119314167945	0.179610355622572	0.411818434764298	0.778461883237766
s__Desulfobacter_hydrogenophilus	0.0542228751548385	0.170192905716803	0.75391336611366	0.937381303256816
s__Desulfonema_magnum	0.0113895894658243	0.281715995833438	0.96822186858275	0.997038848250986
s__Desulfatibacillum_aliphaticivorans	0.243431789818433	0.116106605904284	0.0512939367305428	0.376353902926443
s__Desulfosarcina_alkanivorans	-0.344203794938811	0.22404719509835	0.142867216799913	0.521492502387517
s__Sandaracinus_amylolyticus	0.231243294095703	0.112564948080733	0.0556525863311797	0.376353902926443
s__Labilithrix_luteola	0.159224129722221	0.270922043978087	0.564451550185752	0.833651520274342
s__Vulgatibacter_incomptus	0.218584902980567	0.102170391517969	0.0472046309609191	0.376353902926443
s__Anaeromyxobacter_dehalogenans	0.360206655659803	0.189512523551585	0.0744342634588243	0.392653076145295
s__Haliangium_ochraceum	-0.0432787803174071	0.259165982683932	0.869346188654648	0.980833082052495
s__Minicystis_rosea	0.011922963759455	0.14915559709296	0.937221306541962	0.996989410340191
s__Chondromyces_crocatus	-0.150031067893672	0.39044605791636	0.705553122575077	0.911616416786103
s__Sorangium_cellulosum	-0.0816741296619738	0.154003525542884	0.60273598379454	0.856861287947546
s__Stigmatella_aurantiaca	-0.112112800001989	0.274718066364171	0.688293276751877	0.901448220575446
s__Cystobacter_fuscus	-0.0111211518571141	0.230464079405115	0.962075038808421	0.997038848250986
s__Archangium_violaceum	0.397066552754287	0.350524442155818	0.273031749422732	0.686153087554509
s__Pyxidicoccus_sp._SCPEA002	0.445422616604088	0.376061681161153	0.25253482592816	0.666303257300646
s__Myxococcus_xanthus	0.195688425473319	0.311569503785728	0.538302872268607	0.817871796022727
s__Corallococcus_coralloides	0.456019339273191	0.293158846823605	0.138237497167795	0.516562672561164
s__Geoalkalibacter_subterraneus	0.211629343841382	0.0967368587760007	0.0429521275472821	0.376353902926443
s__Geobacter_sp._FeAm09	-0.25486210593785	0.175646462882923	0.164984106879464	0.555735938962405
s__Pelobacter_propionicus	-0.716519821948813	0.730076595732279	0.340142212811797	0.759387265812383
s__Desulfuromonas_soudanensis	-0.449010554287173	0.48201592289287	0.364622710274138	0.778461883237766
s__Nitrosophilus_alvini	-0.0163376694066095	0.240596766911409	0.946653723205208	0.996989410340191
s__Nautilia_sp._PV-1	0.141901476742789	0.270343740727756	0.606435913095462	0.857405709236589
s__Caminibacter_mediatlanticus	0.0429072689766635	0.104052780537593	0.685228534311263	0.900672903958289
s__Candidatus_Sulfurimonas_marisnigri	0.0611960484714595	0.0622113847794267	0.339066980479819	0.759387265812383
s__Helicobacter_pylori	4.16286928937272	0.630163764373707	4.45287414015299e-06	0.00427475917454687
s__Sulfurospirillum_cavolei	-0.137363627364149	0.174400946628311	0.441756585196787	0.778461883237766
s__Campylobacter_jejuni	-0.479022245050497	0.602249066701942	0.437352661662814	0.778461883237766
s__Poseidonibacter_lekithochrous	-0.188304558242114	0.234005613842429	0.432102883231455	0.778461883237766
s__Pseudoarcobacter_acticola	-0.00994749172057985	0.0900091257923063	0.913294025955176	0.996989410340191
s__Halarcobacter_bivalviorum	0.178649508214793	0.307151851191441	0.56844735232938	0.834919792115998
s__Arcobacter_defluvii	0.241662429402813	0.232021457941791	0.312206229751229	0.729181550010595
s__Malaciobacter_molluscorum	0.0210174565586312	0.0829082993702949	0.802920329461585	0.957269966265505
s__Aliarcobacter_lanthieri	-0.446339995611524	0.190361605070342	0.0314432275209057	0.376353902926443
s__Candidatus_Kinetoplastibacterium_crithidii	0.225105841286541	0.107451806339359	0.0514604955984753	0.376353902926443
s__Candidatus_Kinetoplastibacterium_blastocrithidii	-0.145719907286743	0.180004214016433	0.429392830869038	0.778461883237766
s__Candidatus_Kinetoplastibacterium_sorsogonicusi	-0.11157299621648	0.198169492729844	0.580772977195098	0.840932247289479
s__Chitinibacter_fontanus	-0.104248462280788	0.251913070893831	0.684174628429577	0.900672903958289
s__Paludibacterium_yongneupense	-0.137363627364149	0.174400946628311	0.441756585196787	0.778461883237766
s__Chromobacterium_violaceum	0.298990733738831	0.174456919612247	0.104732182334371	0.45289592360809
s__Iodobacter_fluviatilis	-0.417200897186008	0.265624697023768	0.134691242231246	0.513109494214272
s__Vitreoscilla_sp._C1	-0.109750146555983	0.152345907941357	0.481067304589804	0.778461883237766
s__Kingella_oralis	0.595577114735576	0.419738241355587	0.173995450988693	0.575984941203948
s__Simonsiella_muelleri	0.0121686982786851	0.146221111929985	0.934647738839935	0.996989410340191
s__Alysiella_filiformis	0.24774853882272	0.126867678774594	0.0675071430087357	0.381669065816914
s__Neisseria_mucosa	-1.7878766639386	0.610571550700468	0.00938408000252524	0.376353902926443
s__Candidatus_Methylopumilus_universalis	-0.109750146555983	0.152345907941357	0.481067304589804	0.778461883237766
s__Candidatus_Nitrotoga_sp._AM1P	-0.283012730394729	0.265736683816292	0.301764143813267	0.723531974531191
s__Nitrosomonas_eutropha	-0.729174653370615	0.319398630648689	0.0355753415017961	0.376353902926443
s__Azoarcus_sp._DN11	-0.840025015935931	0.347184884696555	0.0270356431314542	0.376353902926443
s__Aromatoleum_aromaticum	0.592557604977993	0.645716974781855	0.371626159810899	0.778461883237766
s__Fluviibacter_phosphoraccumulans	-0.518133628935682	0.277080566000718	0.0788093262648005	0.394046631324003
s__Turicimonas_muris	0.275387313351913	0.230719147570662	0.249024186180984	0.664800244122149
s__Sphaerotilus_natans	0.270538816243945	0.211265203343694	0.217543125992702	0.638793592010004
s__Xylophilus_rhododendri	0.497234109111516	0.27863103495096	0.0921888893752915	0.428622234792467
s__Rhizobacter_sp._AJA081-3	-0.153602816280043	0.185333393147126	0.418707180128848	0.778461883237766
s__Rhizobacter_gummiphilus	0.237039871453407	0.117504260236198	0.0597390933389233	0.376353902926443
s__Methylibium_sp._Pch-M	0.25746021205153	0.135581550500489	0.0746801020627031	0.392653076145295
s__Rubrivivax_gelatinosus	1.13298714935635	0.3633002848782	0.00625033133532103	0.376353902926443
s__Mitsuaria_sp._7	0.048160854761727	0.188472977006319	0.801378390394083	0.957269966265505
s__Thiomonas_intermedia	0.61992965684469	0.63541877560522	0.342930596345413	0.763836131070989
s__Glaciimonas_sp._PAMC28666	0.341687680148735	0.47570750943202	0.482344954687282	0.778461883237766
s__Duganella_sp._AF9R3	-0.00464828455796283	0.230841704953942	0.984169143746998	0.997038848250986
s__Undibacterium_sp._KW1	0.527865828784925	0.588023978180899	0.381886426792989	0.778461883237766
s__Massilia_oculi	0.476621066954666	0.432415186147086	0.285722247805387	0.705124313350055
s__Collimonas_arenae	0.0253525323266591	0.331741146963618	0.939975069073471	0.996989410340191
s__Herbaspirillum_huttiense	-0.0417650192630019	0.40907315251419	0.919874526070701	0.996989410340191
s__Bordetella_pseudohinzii	-0.0784062075092484	0.579669046809362	0.893994723192224	0.989890350939486
s__Alcaligenes_faecalis	0.263151833803336	0.388359727572231	0.507144422647192	0.787649238933042
s__Achromobacter_xylosoxidans	1.00655955799886	0.527117760649185	0.0732145374380674	0.392653076145295
s__Verminephrobacter_eiseniae	0.245013383969519	0.374841501393683	0.522084300299586	0.803810300226599
s__Polaromonas_sp._JS666	0.00294230626061642	0.155934727212815	0.985165435834396	0.997038848250986
s__Simplicispira_suum	-0.014429611701115	0.232650678029993	0.951268178171874	0.996989410340191
s__Hydrogenophaga_sp._BA0156	-0.332937564714132	0.245156079117601	0.192195814080023	0.602967259858895
s__Ottowia_sp._oral_taxon_894	-1.44116710516714	0.49307562089998	0.00949206720783238	0.376353902926443
s__Schlegelella_thermodepolymerans	0.0192573085881985	0.285292978850518	0.946971114542145	0.996989410340191
s__Diaphorobacter_sp._HDW4B	-0.248752212481223	0.216324545629933	0.266104097055012	0.675819929028601
s__Comamonas_testosteroni	0.617023621894366	0.375113183946505	0.118353130729245	0.485551305555877
s__Delftia_acidovorans	0.391732725184624	0.55428474665093	0.489305434760942	0.778461883237766
s__Rhodoferax_sp._AJA081-3	-0.427246126955037	0.206378083034049	0.0539766376867434	0.376353902926443
s__Acidovorax_avenae	0.123199252174427	0.506041224436978	0.810564961342958	0.95950208586645
s__Variovorax_paradoxus	-0.507071404189495	0.25605358834761	0.0640865384428416	0.378807681297818
s__Kinneretia_sp._DAIF2	-0.523122368242383	0.196604008232677	0.0164669646908394	0.376353902926443
s__Ephemeroptericola_cinctiostellae	0.26828693312257	0.261008439205991	0.318407454124787	0.735439681097888
s__Chitinimonas_arctica	0.231243294095703	0.112564948080733	0.0556525863311797	0.376353902926443
s__Lautropia_mirabilis	0.0822168898493073	0.216709067708824	0.709096865546033	0.914963697478752
s__Paraburkholderia_aromaticivorans	0.0672569754918328	0.372969875351652	0.859027126346545	0.980577932571561
s__Pandoraea_pnomenusa	-0.712784067613312	0.384918327830292	0.0815061644748642	0.401261117414716
s__Cupriavidus_taiwanensis	-0.321363546885276	0.202030817599988	0.130107843496138	0.503907242490567
s__Burkholderia_pseudomallei	-0.391321184105076	0.333499627530039	0.256822668979515	0.66666002059666
s__Ralstonia_solanacearum	-0.666244858897846	0.255418773230059	0.0183566311095757	0.376353902926443
s__Polynucleobacter_sp._MG-Unter2-18	-0.642343105926987	0.242906035167054	0.0170373638089565	0.376353902926443
s__Luteithermobacter_gelatinilyticus	0.166530543264642	0.588220180631736	0.780511667224717	0.950501253143875
s__Candidatus_Paracaedibacter_acanthamoebae	0.225105841286541	0.107451806339359	0.0514604955984753	0.376353902926443
s__Candidatus_Cytomitobacter_indipagum	0.0421491246690055	0.227401838562303	0.855147289508441	0.978476040438741
s__endosymbiont_of_Acanthamoeba_sp._UWC8	0.388939142678395	0.190372173902435	0.0568682197051003	0.376353902926443
s__Candidatus_Pelagibacter_sp._RS40	-0.0481268591121775	0.389674069817031	0.903155359451075	0.995882977696881
s__Candidatus_Fonsibacter_ubiquis	-0.149827557421716	0.214867001395426	0.49503934822195	0.778461883237766
s__Hyphobacterium_sp._CCMP332	0.218584902980567	0.102170391517969	0.0472046309609191	0.376353902926443
s__Marinicauda_algicola	0.0307081360423116	0.26850216466617	0.910285755472327	0.996989410340191
s__Glycocaulis_alkaliphilus	-0.553136691075331	0.348052664079413	0.130431440469515	0.503907242490567
s__Caulobacter_vibrioides	-0.285563019006839	0.3085329851749	0.367632605296301	0.778461883237766
s__Asticcacaulis_excentricus	-0.198620282216888	0.223883839084514	0.387373045826942	0.778461883237766
s__Brevundimonas_sp._Bb-A	-0.557119220169177	0.200985839125473	0.013053297122802	0.376353902926443
s__Polymorphobacter_sp._PAMC_29334	0.00656190566882065	0.301950347317309	0.98291498745074	0.997038848250986
s__Sphingosinicella_microcystinivorans	-0.0964894485177339	0.440798231313915	0.829336671346857	0.970715327150211
s__Zymomonas_mobilis	-0.0402545024905039	0.239571613615019	0.868544808550047	0.980833082052495
s__Erythrobacter_neustonensis	-0.548259291597249	0.474486557519602	0.263876924728918	0.673728318456812
s__Altererythrobacter_sp._TH136	-0.312055290829906	0.506775174556114	0.546205154899206	0.823448119286078
s__Novosphingopyxis_iocasae	0.144456981020016	0.352224687963362	0.686834749934287	0.90076688515972
s__Sphingopyxis_sp._EG6	0.60176265121668	0.431159756798623	0.180773409473052	0.582387923356958
s__Sphingobium_yanoikuyae	0.905759391394757	0.372364118644508	0.0263358542601998	0.376353902926443
s__Sphingorhabdus_sp._JK6	-0.295217456660276	0.308000732032091	0.35124712754945	0.773388170751083
s__Sphingomonas_sp._C8-2	0.194421068190317	0.174621273913235	0.281037856931023	0.697148172231995
s__Candidatus_Deianiraea_vastatrix	-0.127797464159603	0.164059615604454	0.446706156925483	0.778461883237766
s__Candidatus_Phycorickettsia_trachydisci	0.0440370625724903	0.164338490834934	0.791950064129804	0.952721881659914
s__Rickettsia_asiatica	0.109421545833731	0.0602752131321721	0.0871495306155825	0.416882596031195
s__Orientia_tsutsugamushi	0.200257240790106	0.214296899866607	0.363138635217447	0.778461883237766
s__Wolbachia_endosymbiont_of_Ctenocephalides_felis_wCfeT	0.0201126570467896	0.446502716019299	0.964596441925064	0.997038848250986
s__Candidatus_Neoehrlichia_mikurensis	-0.0302794697329767	0.125056348622818	0.811578847628706	0.95950208586645
s__Ehrlichia_ruminantium	-0.0523494759731981	0.119007916104735	0.665563567596133	0.893063315508286
s__Rhodobacter_capsulatus	0.305350829564001	0.259926185835542	0.256284145187492	0.66666002059666
s__Rhodobaca_barguzinensis	-0.108783892291831	0.155662864694277	0.494100941301732	0.778461883237766
s__Pontivivens_sp._MT2928	0.108338553399656	0.277039091583931	0.700611527842242	0.910307951143208
s__Paraoceanicella_profunda	-0.031648662064788	0.203864421990845	0.878457600180666	0.984036518288727
s__Haematobacter_massiliensis	0.560208862677271	0.315099033589709	0.0933146323662766	0.428622234792467
s__Boseongicola_sp._CCM32	0.0486836200663053	0.174685210111044	0.783841811420194	0.95166586404664
s__Thioclava_nitratireducens	0.274532257878597	0.151297576847694	0.0872847935440315	0.416882596031195
s__Cereibacter_sphaeroides	-0.269900243992959	0.212861463903424	0.22190294849341	0.638793592010004
s__Rhodovulum_sulfidophilum	-0.189994337126105	0.26043675381084	0.475614894341084	0.778461883237766
s__Paracoccus_jeotgali	0.95326763582438	0.467786117884872	0.0574395063472958	0.376353902926443
s__Oceanicola_sp._D3	0.275387313351913	0.230719147570662	0.249024186180984	0.664800244122149
s__Dinoroseobacter_shibae	0.311667552194957	0.266134229051604	0.257715822938688	0.66666002059666
s__Octadecabacter_temperatus	0.0779844256496885	0.213755709273368	0.719737505205723	0.921264006663325
s__Salipiger_pacificus	0.225105841286541	0.107451806339359	0.0514604955984753	0.376353902926443
s__Sulfitobacter_sp._D7	0.0142669051831381	0.182627659595853	0.938644598531478	0.996989410340191
s__Roseovarius_indicus	0.377725759558235	0.330005901023012	0.268233910629847	0.67943154143708
s__Roseivivax_sp._THAF30	-0.780505197697683	0.337563459618794	0.0335607900260332	0.376353902926443
s__Phaeobacter_inhibens	-0.818233552664945	0.456724172136875	0.0910275581832351	0.428622234792467
s__Mameliella_alba	-0.435950918003199	0.19508826286595	0.0391562771973491	0.376353902926443
s__Candidatus_Hodgkinia_cicadicola	0.0386386371251054	0.264678119575377	0.885651472042995	0.985197466003795
s__Devosia_sp._A16	-0.187245055741109	0.322655632930859	0.569308820196708	0.834919792115998
s__Aureimonas_populi	0.270518785584614	0.147563710691667	0.0843387548221263	0.408915174895158
s__Hyphomicrobium_denitrificans	0.225105841286541	0.107451806339359	0.0514604955984753	0.376353902926443
s__Methyloligella_sp._GL2	0.0440302288726188	0.175473502726213	0.804881834090891	0.957269966265505
s__Labrenzia_sp._CP4	0.446398151653249	0.216343043406964	0.054690783743458	0.376353902926443
s__Stappia_indica	0.136278905901255	0.242665702607004	0.581723404820322	0.840932247289479
s__Pannonibacter_phragmitetus	0.907231036754104	0.587366393022487	0.140860212695869	0.516562672561164
s__Bosea_sp._Tri-49	-0.179569022081908	0.252889315865125	0.48728789035473	0.778461883237766
s__Microvirga_ossetica	0.0164188037057755	0.161375454948846	0.920151189410027	0.996989410340191
s__Methylorubrum_extorquens	0.395665073089645	0.491401303783379	0.43183557083386	0.778461883237766
s__Methylobacterium_radiodurans	0.470477695880428	0.433015510887576	0.292417851112789	0.717542944657748
s__Phyllobacterium_sp._628	-0.00513707441232778	0.203160918151641	0.980121494183022	0.997038848250986
s__Mesorhizobium_sp._M8A.F.Ca.ET.057.01.1.1	0.699493007087296	0.680926337990697	0.318690528475752	0.735439681097888
s__Bartonella_australis	-0.474233143298791	0.391693107554575	0.242564523507279	0.661539609565306
s__Chelatococcus_sp._CO-6	-0.497034222686136	0.187580503887291	0.0168507324898015	0.376353902926443
s__Xanthobacter_sp._YN2	0.564758537180884	0.289837729816684	0.0680531573741528	0.381669065816914
s__Labrys_sp._KNU-23	-0.507626300476836	0.209030084715451	0.0265490774786639	0.376353902926443
s__Brucella_pseudogrignonensis	-0.437333914466583	0.223327549908305	0.0668168502710133	0.381669065816914
s__Shinella_sp._HZN7	0.0661347063786625	0.317748288464648	0.837596336228272	0.971217331582523
s__Liberibacter_crescens	0.27839712822698	0.15491310507243	0.0901046504155606	0.428220120786823
s__Sinorhizobium_fredii	-0.196002004186814	0.608311760111726	0.751224777218726	0.936591930038931
s__Neorhizobium_sp._SOG26	-0.0168455033128906	0.17511521767663	0.924489296826293	0.996989410340191
s__Ensifer_alkalisoli	-0.452362289024632	0.555963174480558	0.427092619850333	0.778461883237766
s__Agrobacterium_larrymoorei	-0.373168429948474	0.551676496091227	0.507869665520368	0.787649238933042
s__Rhizobium_leguminosarum	0.665392147955119	0.507058289461212	0.206875614679519	0.626500284202958
s__Rhodopseudomonas_palustris	0.633616128402893	0.414997334736584	0.145202244230376	0.52403817466602
s__Bradyrhizobium_erythrophlei	-0.383351840425979	0.220206842516195	0.0997725817141477	0.439365497456797
s__Elioraea_sp._MS-P2	-0.0997656962568335	0.146012930277959	0.503645280391797	0.783629609685778
s__Thalassospira_marina	0.134679550644138	0.243515835887168	0.587420430506713	0.842935146915463
s__Tistrella_mobilis	0.225105841286541	0.107451806339359	0.0514604955984753	0.376353902926443
s__Hypericibacter_adhaerens	0.279660340753308	0.281673348145494	0.33470403487478	0.756037349364208
s__Candidatus_Endolissoclinum_faulkneri	-0.122076567928515	0.210500215205171	0.569565312989778	0.834919792115998
s__Niveispirillum_cyanobacteriorum	0.256501395862957	0.215881526231053	0.25110601119354	0.666303257300646
s__Azospirillum_sp._TSH58	0.468992222635161	0.415870093797244	0.275096573106119	0.689537102302545
s__Entomobacter_blattae	-0.108783892291831	0.155662864694277	0.494100941301732	0.778461883237766
s__Bombella_sp._KACC_21507	0.218584902980567	0.102170391517969	0.0472046309609191	0.376353902926443
s__Komagataeibacter_oboediens	0.0869057419419073	0.304439075961199	0.778739204732905	0.950501253143875
s__Lichenicola_cladoniae	-0.728497570195402	0.438876538515935	0.115263626507354	0.481100354117652
s__Roseomonas_sp._1318	-0.169814893464243	0.523500360485098	0.749604971828376	0.936133493065658
s__Acetobacter_pasteurianus	-0.450209672032159	0.297911531414233	0.149097684530955	0.530125100554506
s__Granulibacter_bethesdensis	-0.438490830135523	0.258600742572004	0.108191584978751	0.457805230333687
s__Solimonas_sp._K1W22B-7	-0.118976538574051	0.162261756457685	0.47340394129173	0.778461883237766
s__Methylococcus_sp._EFPC2	-0.474013753793846	0.238144745854137	0.0628696089685657	0.378807681297818
s__Methylomicrobium_sp._wino1	0.211629343841382	0.0967368587760007	0.0429521275472821	0.376353902926443
s__Candidatus_Thioglobus_autotrophicus	-0.108783892291831	0.155662864694277	0.494100941301732	0.778461883237766
s__Candidatus_Thioglobus_sp._NP1	0.0172868601599267	0.190127005708746	0.928616762920947	0.996989410340191
s__Candidatus_Ruthia_endofausta	0.128526264776306	0.318015376681861	0.69114059329068	0.903944100216694
s__Bathymodiolus_thermophilus_thioautotrophic_gill_symbiont	-0.024882196667633	0.226051899838466	0.913640520086445	0.996989410340191
s__Candidatus_Reidiella_endopervernicosa	0.5095808630895	0.189292912876895	0.0154297602555633	0.376353902926443
s__Allochromatium_tepidum	0.218584902980567	0.102170391517969	0.0472046309609191	0.376353902926443
s__Rheinheimera_sp._LHK132	0.139388693975518	0.408233680398297	0.7369538748466	0.931054321883675
s__Wenzhouxiangella_sp._AB-CW3	1.29937860072884	0.306801259200632	0.000557577578718796	0.267637237785022
s__Succinivibrio_dextrinosolvens	0.231243294095703	0.112564948080733	0.0556525863311797	0.376353902926443
s__Zobellella_denitrificans	-0.109750146555983	0.152345907941357	0.481067304589804	0.778461883237766
s__Oceanisphaera_profunda	-0.136013312503856	0.169490086698942	0.433348370466446	0.778461883237766
s__Dongshaea_marina	0.218584902980567	0.102170391517969	0.0472046309609191	0.376353902926443
s__Aeromonas_caviae	-0.02986911443304	0.652863971397674	0.96404193602345	0.997038848250986
s__Zhongshania_aliphaticivorans	-0.0349839485945218	0.219186875167209	0.87507098278287	0.983686350669269
s__Agarilytica_rhodophyticola	-0.353615790434986	0.284716732697583	0.231101755836539	0.642281543165654
s__Cellvibrio_japonicus	-0.824250419201683	0.440105065484372	0.078390562163977	0.394004919777057
s__Microbulbifer_hydrolyticus	-0.46490007584286	0.252682258489434	0.0833168508352425	0.406011049755497
s__Frischella_perrara	0.116742931547883	0.234368713667763	0.624784377085811	0.868007238787812
s__Gilliamella_apicola	-0.496844032379462	0.241354805832026	0.0551997646434384	0.376353902926443
s__Thiothrix_sp.	0.313052727982318	0.347238051960593	0.379891399666162	0.778461883237766
s__Hydrogenovibrio_crunogenus	0.225105841286541	0.107451806339359	0.0514604955984753	0.376353902926443
s__Thiosulfativibrio_zosterae	-0.0254305834689914	0.209027500969955	0.904593704741333	0.995882977696881
s__Thiomicrorhabdus_indica	-0.491365805752307	0.411454445047884	0.248790785782895	0.664800244122149
s__Piscirickettsia_salmonis	0.00710444505335132	0.114606933000471	0.951294062366266	0.996989410340191
s__Allofrancisella_guangzhouensis	-0.15201486219232	0.200557456321473	0.458853103297118	0.778461883237766
s__Francisella_philomiragia	-0.0345075269736397	0.0613910046878233	0.581388235867583	0.840932247289479
s__Endozoicomonas_montiporae	0.00294230626061642	0.155934727212815	0.985165435834396	0.997038848250986
s__Spartinivicinus_ruber	0.218584902980567	0.102170391517969	0.0472046309609191	0.376353902926443
s__Oleiphilus_messinensis	0.184124135724774	0.234476323106558	0.4431099844522	0.778461883237766
s__Kangiella_geojedonensis	-0.0805389592556228	0.252665414921917	0.753793544616649	0.937381303256816
s__Alcanivorax_sp._N3-2A	-0.0616695696724371	0.303629870170488	0.841462018312398	0.973257274192654
s__Neptunomonas_japonica	-0.182968877430462	0.201417202281272	0.376361503624165	0.778461883237766
s__Marinomonas_foliarum	-0.136633306987934	0.474986911607072	0.777086538890773	0.950501253143875
s__Halotalea_alkalilenta	-0.109750146555983	0.152345907941357	0.481067304589804	0.778461883237766
s__Kushneria_marisflavi	0.127199198360009	0.252241382310097	0.620540673093705	0.866057034647264
s__Candidatus_Portiera_aleyrodidarum	-0.115457582286775	0.467927279967072	0.808062385233751	0.958887379263783
s__Candidatus_Carsonella_ruddii	-0.214870023164064	0.254456941368812	0.410157991805416	0.778461883237766
s__Halomonas_elongata	0.75225792994672	0.718760595014253	0.309935778346428	0.72786917895143
s__Salinivibrio_kushneri	0.441737588637752	0.285511072306373	0.140232580622357	0.516562672561164
s__Paraphotobacterium_marinum	0.146326266248739	0.192854033214561	0.458398892012166	0.778461883237766
s__Grimontia_hollisae	0.560756956918078	0.442246555350963	0.221898898716797	0.638793592010004
s__Aliivibrio_fischeri	0.0551798240610312	0.397283888979959	0.89116704095547	0.98937940250123
s__Photobacterium_damselae	0.155341480352591	0.200507389540649	0.449134520537692	0.778461883237766
s__Vibrio_parahaemolyticus	-0.583548084724874	0.233671632963092	0.0230749661668672	0.376353902926443
s__Idiomarina_sp._OT37-5b	0.211629343841382	0.0967368587760007	0.0429521275472821	0.376353902926443
s__Moritella_marina	-0.241108739390592	0.389410353243991	0.544017634876121	0.822451857450514
s__Glaciecola_amylolytica	0.218584902980567	0.102170391517969	0.0472046309609191	0.376353902926443
s__Catenovulum_sp._CCB-QB4	-0.129263037783054	0.181922273157305	0.487003697354766	0.778461883237766
s__Marinobacter_salsuginis	-0.168724809034567	0.387907229358752	0.669061595021858	0.893577302508243
s__Alteromonas_macleodii	0.139279164228004	0.321757332259781	0.670550859156192	0.893577302508243
s__Paraglaciecola_sp._L1A13	0.144797273968209	0.202078654958964	0.483387004404735	0.778461883237766
s__Thalassotalea_crassostreae	-0.119066092978509	0.158352975228049	0.462393383937768	0.778461883237766
s__Cognaticolwellia_beringensis	0.00551948258513266	0.170174048570392	0.974503447281467	0.997038848250986
s__Colwellia_sp._20A7	0.00558893542250309	0.51037334847796	0.991390281352837	0.997735395416809
s__Parashewanella_spongiae	0.178510721212983	0.206280558438309	0.398879190470915	0.778461883237766
s__Shewanella_putrefaciens	0.418954996381845	0.399124524731175	0.308557205944228	0.727800780605549
s__Flocculibacter_collagenilyticus	-0.109750146555983	0.152345907941357	0.481067304589804	0.778461883237766
s__Psychrosphaera_aestuarii	-0.136013312503856	0.169490086698942	0.433348370466446	0.778461883237766
s__Pseudoalteromonas_arabiensis	0.27034231060098	0.427308909172393	0.535371985903803	0.817101918072577
s__Luteibacter_pinisoli	0.416113060544697	0.423322475698816	0.339406192667227	0.759387265812383
s__Rhodanobacter_denitrificans	0.411623785041017	0.374040221506845	0.286462275686861	0.705137909383042
s__Dyella_japonica	0.013735330929385	0.165344116181056	0.934765269885153	0.996989410340191
s__Dokdonella_koreensis	-0.0394247929152547	0.240191223170284	0.871557302890533	0.980885124003413
s__Arenimonas_daejeonensis	0.0179280886925493	0.263366404187717	0.946521937379324	0.996989410340191
s__Xylella_fastidiosa	0.00294230626061642	0.155934727212815	0.985165435834396	0.997038848250986
s__Pseudolysobacter_antarcticus	0.218584902980567	0.102170391517969	0.0472046309609191	0.376353902926443
s__Pseudoxanthomonas_suwonensis	0.218584902980567	0.102170391517969	0.0472046309609191	0.376353902926443
s__Thermomonas_brevis	0.270049919656696	0.534589592267433	0.619936824975362	0.866057034647264
s__Lysobacter_enzymogenes	0.000651506226189278	0.513521066657341	0.999002490068552	0.999749166654923
s__Xanthomonas_sacchari	-0.381385592383791	0.584032281337277	0.52247669514729	0.803810300226599
s__Stenotrophomonas_maltophilia	-0.360086073182715	0.747047376739979	0.635944263887458	0.875548737784509
s__Rodentibacter_heylii	-0.109750146555983	0.152345907941357	0.481067304589804	0.778461883237766
s__Avibacterium_paragallinarum	0.218584902980567	0.102170391517969	0.0472046309609191	0.376353902926443
s__Actinobacillus_porcitonsillarum	0.489987872655225	0.312520894574504	0.135339110730507	0.513539708700736
s__Histophilus_somni	-0.0148750799714646	0.36084468928229	0.967598447492955	0.997038848250986
s__Bisgaardia_hudsonensis	-0.102645897249656	0.550683802010878	0.854339531668984	0.978476040438741
s__Mannheimia_sp._USDA-ARS-USMARC-1261	-0.0403465416555088	0.119387978108915	0.739542171870721	0.931054321883675
s__Aggregatibacter_segnis	-0.412576071350155	0.202754171272699	0.0577669061072799	0.376353902926443
s__Pasteurella_multocida	-0.512679215354998	0.220542544673407	0.0327346525805809	0.376353902926443
s__Haemophilus_parainfluenzae	-0.811637117873745	0.462171249440189	0.0970628068560788	0.435421937298298
s__Glaesserella_sp._15-184	-0.420441025326384	0.221067547068641	0.0742726177630706	0.392653076145295
s__Candidatus_Coxiella_mudrowiae	-0.335196102550291	0.178468591450136	0.0776192256877277	0.392653076145295
s__Candidatus_Rickettsiella_viridis	-1.00783372106433	0.493239534893927	0.0568411421768531	0.376353902926443
s__Fluoribacter_dumoffii	0.157979325162722	0.210562881554419	0.463349643108984	0.778461883237766
s__Legionella_pneumophila	-0.529528728261125	0.217594502894564	0.0262770159141018	0.376353902926443
s__Psychrobacter_sp._DAB_AL43B	0.125519109390968	0.531484523022773	0.816125024448326	0.960147087586265
s__Moraxella_osloensis	-0.0821898960233238	0.23815501971233	0.734244128104145	0.931054321883675
s__Acinetobacter_baumannii	-0.424119398341656	0.207206648004785	0.0564558286521497	0.376353902926443
s__Entomomonas_sp._F2A	-0.0235335258639006	0.282307840710469	0.934538063029303	0.996989410340191
s__Pseudomonas_aeruginosa	-0.521718623507266	0.218091041065658	0.0285732125322054	0.376353902926443
s__Plesiomonas_shigelloides	-6.0911492046894e-05	0.190928607944112	0.999749166654923	0.999749166654923
s__Limnobaculum_parvum	-0.326291855458149	0.172476244195233	0.0756778364328289	0.392653076145295
s__Pragia_fontium	0.599294591219077	0.455751363755622	0.205986374494154	0.626500284202958
s__Brenneria_izadpanahii	-0.272190714437801	0.545118370897453	0.623951312358997	0.868007238787812
s__Pectobacterium_parmentieri	0.156448552258714	0.492869057151315	0.754787236893249	0.937381303256816
s__Dickeya_zeae	-0.233556744160092	0.56676757321598	0.685426265458048	0.900672903958289
s__Edwardsiella_tarda	0.0306983643642448	0.102952228450567	0.769178938899163	0.950336912925607
s__Hafnia_alvei	-0.185953580300313	0.46564150654106	0.69460821520172	0.907243383120614
s__Yersinia_frederiksenii	-0.270090773252906	0.441656994580403	0.548933872794494	0.823448119286078
s__Serratia_marcescens	0.270412257524271	0.570530743104134	0.641554318186925	0.876238407920867
s__Xenorhabdus_bovienii	-0.0165661562190637	0.183576504588702	0.929150297111967	0.996989410340191
s__Arsenophonus_nasoniae	0.0695046334403451	0.324066356216464	0.83272707358569	0.971217331582523
s__Morganella_morganii	0.109072775113097	0.107303853865302	0.323647728030655	0.73976623549864
s__Photorhabdus_asymbiotica	-0.0155858705889534	0.0910306794387312	0.866075684205603	0.980833082052495
s__Providencia_rettgeri	0.302501630735472	0.401276223005989	0.461254572380908	0.778461883237766
s__Proteus_mirabilis	-0.091530141714649	0.36316538618625	0.804036310758941	0.957269966265505
s__Mixta_calida	-0.109750146555983	0.152345907941357	0.481067304589804	0.778461883237766
s__Pantoea_vagans	-0.150375787395296	0.342416672227812	0.666076389483263	0.893063315508286
s__Candidatus_Erwinia_haradaeae	-0.613245514697943	0.375359984459244	0.120692281713543	0.488880128459919
s__Buchnera_aphidicola	-0.427101797182518	0.213824454603355	0.0620396263904985	0.378807681297818
s__Enterobacteriaceae_endosymbiont_of_Donacia_provostii	-0.136013312503856	0.169490086698942	0.433348370466446	0.778461883237766
s__Enterobacteriaceae_endosymbiont_of_Donacia_fulgens	-0.164745255123044	0.188869945715544	0.395215168755897	0.778461883237766
s__Shimwellia_blattae	-0.350539318018829	0.186413734336909	0.07729461638487	0.392653076145295
s__Shigella_flexneri	-0.20440439175023	0.220476942809134	0.366850243490948	0.778461883237766
s__Enterobacteriaceae_endosymbiont_of_Donacia_clavipes	-0.233144443004699	0.240817299870707	0.346548227753722	0.767781590001255
s__Candidatus_Hamiltonella_defensa	-0.174881738044572	0.199902141719713	0.393854947858631	0.778461883237766
s__Cronobacter_sakazakii	0.215507933161386	0.418776175576746	0.613448673609239	0.860980594539283
s__Kosakonia_sp._MUSA4	0.103823078608972	0.343713522687498	0.766268388728471	0.950336912925607
s__Buttiauxella_sp._3AFRM03	-0.09180588261012	0.439249986913723	0.836927492432058	0.971217331582523
s__Candidatus_Purcelliella_pentastirinorum	0.000400932234081491	0.164376667435422	0.998082270306824	0.999749166654923
s__secondary_endosymbiont_of_Heteropsylla_cubana	-0.170620294556627	0.160222806910517	0.301816011509423	0.723531974531191
s__Blochmannia_endosymbiont_of_Polyrhachis_(Hedomyrma)_turneri	0.122516468484147	0.316618511686127	0.703592187237771	0.910307951143208
s__Enterobacteriaceae_endosymbiont_of_Donacia_crassipes	-0.0182074740002169	0.182461911734037	0.921680115077191	0.996989410340191
s__Enterobacteriaceae_endosymbiont_of_Neohaemonia_nigricornis	0.211629343841382	0.0967368587760007	0.0429521275472821	0.376353902926443
s__Enterobacteriaceae_endosymbiont_of_Macroplea_mutica	0.257869484968289	0.301015868018309	0.403545182466245	0.778461883237766
s__Enterobacteriaceae_endosymbiont_of_Donacia_proxima	0.242531453871036	0.122270415442073	0.0636951304640564	0.378807681297818
s__Enterobacteriaceae_endosymbiont_of_Plateumaris_rustica	0.221449331234873	0.224993929101758	0.338796396852511	0.759387265812383
s__Enterobacteriaceae_endosymbiont_of_Donacia_sparganii	0.376114708446915	0.410024891237022	0.37181783478921	0.778461883237766
s__Pluralibacter_gergoviae	-0.527514220678612	0.507262280411757	0.312940415212881	0.729181550010595
s__Kluyvera_intermedia	-0.0118193090370936	0.260243906540983	0.964304743060321	0.997038848250986
s__Lelliottia_amnigena	-1.01431513740642	0.456959600435715	0.0403282834246609	0.376353902926443
s__Candidatus_Profftia_tarda	0.0791069160920807	0.179452361970451	0.664894980260062	0.893063315508286
s__Leclercia_adecarboxylata	0.0393648006306054	0.107276349136704	0.718185792592665	0.921264006663325
s__Candidatus_Tachikawaea_gelatinosa	-0.167851251211794	0.217735278668287	0.451350658768628	0.778461883237766
s__Candidatus_Gullanella_endobia	-0.0955627512421366	0.224329400149645	0.675457653038123	0.895634457067124
s__Cedecea_neteri	0.00495201571176468	0.362458974400615	0.989258476141117	0.997735395416809
s__Enterobacteriaceae_endosymbiont_of_Donacia_marginata	-0.591015062990891	0.267181926645512	0.040943043708148	0.376353902926443
s__Enterobacteriaceae_endosymbiont_of_Donacia_bicoloricornis	-0.134763884003007	0.298338797942038	0.6571847544509	0.889841134376395
s__Enterobacter_cloacae	-0.389103096838263	0.606677978347701	0.529837371748733	0.809942479106344
s__Citrobacter_freundii	-0.349973584717841	0.238817026543877	0.161050229364738	0.548256099965067
s__Escherichia_coli	-0.469264908195289	0.272398285295698	0.103080241382555	0.447769374331461
s__Salmonella_enterica	-0.376395841431141	0.193827705137991	0.068906626983988	0.3823720341308
s__Klebsiella_sp._LY	-0.389245090797204	0.193157933472263	0.0599814032789018	0.376353902926443
s__Fimbriimonas_ginsengisoli	0.00898713526235051	0.315984356619529	0.977641083742927	0.997038848250986
s__Deinococcus_ficus	0.0508684349093554	0.302433054751164	0.868412877832682	0.980833082052495
s__Thermus_thermophilus	0.354793711483193	0.327230792291327	0.293400363564966	0.717542944657748
s__Meiothermus_ruber	0.265849317059283	0.303832446493693	0.393775684931527	0.778461883237766
s__Ktedonosporobacter_rubrisoli	-0.207610097766517	0.159205965494255	0.20960339861977	0.632764976965344
s__Pelolinea_submarina	0.0385454801548614	0.161379052752369	0.814077063884469	0.960090886153674
s__Chloroflexus_aggregans	0.211629343841382	0.0967368587760007	0.0429521275472821	0.376353902926443
s__Roseiflexus_castenholzii	0.177906282328009	0.236937313451622	0.463005745725684	0.778461883237766
s__Candidatus_Promineofilum_breve	0.41145913439249	0.27805441891548	0.1572253639153	0.540456630203902
s__Dehalogenimonas_lykanthroporepellens	-0.142051217385949	0.365920824402441	0.702684848068083	0.910307951143208
s__Dehalococcoides_mccartyi	0.149907803345461	0.0984419226890607	0.146192203647744	0.525634889519977
s__Candidatus_Izimaplasma_sp._HR1	0.218584902980567	0.102170391517969	0.0472046309609191	0.376353902926443
s__Candidatus_Phytoplasma_australiense	0.125108932084691	0.290427980945497	0.672044596261408	0.893577302508243
s__Acholeplasma_palmae	-0.0893465800598489	0.310066794598455	0.77671349606254	0.950501253143875
s__Ureaplasma_urealyticum	-0.303135183097293	0.242955221976028	0.229054944879957	0.642281543165654
s__Mycoplasmopsis_felis	-0.193513657705164	0.178611553109127	0.293744142969266	0.717542944657748
s__Mycoplasma_mycoides	-0.21291104783402	0.404180877202226	0.605158284612954	0.856861287947546
s__Entomoplasma_luminosum	0.235563421224019	0.236851037844634	0.333895092874627	0.755988889527458
s__Mesoplasma_florum	0.0265463893539956	0.336731229789051	0.938083977645476	0.996989410340191
s__Spiroplasma_cantharicola	-0.144155047272528	0.0920955462997067	0.13594165730179	0.513795240195741
s__Chroococcidiopsis_thermalis	-0.119066092978509	0.158352975228049	0.462393383937768	0.778461883237766
s__cyanobacterium_endosymbiont_of_Epithemia_turgida	-0.294129896250539	0.245417738264433	0.24716889293074	0.664800244122149
s__cyanobacterium_endosymbiont_of_Rhopalodia_gibberula	-0.177709468775241	0.214933620210272	0.419798550854283	0.778461883237766
s__Pleurocapsa_sp._PCC_7327	0.225105841286541	0.107451806339359	0.0514604955984753	0.376353902926443
s__Stanieria_sp._NIES-3757	0.237094402426675	0.188834158783328	0.226256192292879	0.642281543165654
s__Stanieria_cyanosphaera	-0.726656733478903	0.588138641229773	0.233439596888349	0.642281543165654
s__Geitlerinema_sp._PCC_7407	-0.128473471739771	0.168496775556464	0.456230372177271	0.778461883237766
s__[Phormidium]_sp._ETS-05	0.116155940486971	0.347897450824233	0.742553460772901	0.931831793911092
s__Crinalium_epipsammum	0.0305353820731167	0.108135657044654	0.781061043924313	0.950501253143875
s__Oscillatoria_nigro-viridis	0.231243294095703	0.112564948080733	0.0556525863311797	0.376353902926443
s__Oscillatoria_acuminata	0.0130593233492175	0.169701453425111	0.939558041110467	0.996989410340191
s__Moorea_producens	0.453175756190512	0.526890763341186	0.401704238689585	0.778461883237766
s__Planktothrix_rubescens	-0.168299196889107	0.244755951733198	0.50096664185495	0.783629609685778
s__Oxynema_sp._AP17	-0.0818733132061592	0.197320269318618	0.683385350738547	0.900672903958289
s__Microcoleus_sp._PCC_7113	0.107994184220714	0.402736855171618	0.791809925329898	0.952721881659914
s__Trichodesmium_erythraeum	0.232763614073512	0.502475445651295	0.649072030901824	0.882590863549223
s__Cyanobacterium_aponinum	0.240314169689783	0.207393924564424	0.262583812181523	0.672214559184698
s__Crocosphaera_subtropica	-0.136013312503856	0.169490086698942	0.433348370466446	0.778461883237766
s__Euhalothece_natronophila	0.0221531485778339	0.140324107814067	0.876418267495308	0.984036518288727
s__Rippkaea_orientalis	0.225105841286541	0.107451806339359	0.0514604955984753	0.376353902926443
s__Candidatus_Atelocyanobacterium_thalassa	0.00759787812022305	0.16258150751118	0.963270850116403	0.997038848250986
s__Gloeothece_citriformis	0.551497707145354	0.229235010356285	0.0277973156713125	0.376353902926443
s__Gloeothece_verrucosa	0.388776337674887	0.18154603605449	0.0470155256206755	0.376353902926443
s__Microcystis_aeruginosa	0.142835816651669	0.503934736718835	0.780261539102083	0.950501253143875
s__Chondrocystis_sp._NIES-4102	0.073239813328415	0.102202606627614	0.483342031843998	0.778461883237766
s__Geminocystis_herdmanii	-0.25962005308796	0.190441486313092	0.190586379374308	0.599878439997822
s__Geminocystis_sp._NIES-3709	0.0446051287336359	0.293988169728472	0.881190466618856	0.984736966324506
s__Geminocystis_sp._NIES-3708	0.0837637332639708	0.117545527347854	0.485755914877793	0.778461883237766
s__Gloeocapsa_sp._PCC_7428	-0.447055771520711	0.415523268571954	0.297010758853699	0.721848932910256
s__Pseudanabaena_sp._ABRG5-3	0.00692187054005562	0.167012975284464	0.967423930654919	0.997038848250986
s__Pseudanabaena_sp._PCC_7367	-0.0101924632526307	0.255067832718771	0.968590707966985	0.997038848250986
s__Acaryochloris_marina	-0.594509895636427	0.40157694905636	0.157051282209019	0.540456630203902
s__Thermoleptolyngbya_sp._PKUAC-SCTB121	0.531188353352522	0.568143461220276	0.362903454009823	0.778461883237766
s__Cyanobium_sp._NIES-981	0.365442259955604	0.345816990790671	0.305412109493186	0.723939815094959
s__Thermosynechococcus_elongatus	-0.275901380466028	0.21493825480184	0.216492729120599	0.638793592010004
s__Synechococcus_sp._Minos11	0.300250429526016	0.23972000273708	0.227342962612159	0.642281543165654
s__Synechococcus_elongatus	-0.466425886701974	0.410663557243408	0.271805453122843	0.684864133852833
s__Synechococcus_sp._PCC_7002	0.037603346182585	0.712310813286409	0.958514104479039	0.997038848250986
s__Synechococcus_sp._RS9909	0.237039871453407	0.117504260236198	0.0597390933389233	0.376353902926443
s__Synechococcus_sp._PROS-U-1	0.231243294095703	0.112564948080733	0.0556525863311797	0.376353902926443
s__Synechococcus_sp._NIES-970	0.231243294095703	0.112564948080733	0.0556525863311797	0.376353902926443
s__Synechococcus_sp._BIOS-E4-1	0.501700703576724	0.403552704404998	0.230663733015673	0.642281543165654
s__Synechococcus_sp._WH_8109	-0.633845397985272	0.444746778029931	0.172206283719482	0.574020945731608
s__Synechococcus_sp._PCC_7003	-0.0833727772171192	0.378140317787377	0.82812265843565	0.970693226005158
s__Leptolyngbya_boryana	0.231243294095703	0.112564948080733	0.0556525863311797	0.376353902926443
s__Leptolyngbya_sp._15MV	0.468293378306281	0.367835739909022	0.220115752274428	0.638793592010004
s__Leptolyngbya_sp._7M	-0.376583080983723	0.200573446006034	0.0777125879870895	0.392653076145295
s__Prochlorococcus_sp._MIT_0801	0.477855709129004	0.323260474819235	0.157633183809472	0.540456630203902
s__Prochlorococcus_marinus	-0.411051793461824	0.223249278249532	0.0831080156292479	0.406011049755497
s__Chamaesiphon_minutus	-0.404956141959652	0.196923774031923	0.055428499364033	0.376353902926443
s__Brasilonema_sennae	0.112209831700519	0.216362063022282	0.610710327134903	0.859650900365846
s__Scytonema_sp._HK-05	0.519684416927599	0.320037730674095	0.122809327354903	0.495365354036583
s__Scytonema_sp._NIES-4073	-0.718293241455003	0.705235904746592	0.32271034910425	0.739384093413079
s__Nodularia_spumigena	0.269531560036308	0.228443027694028	0.254302278877159	0.666303257300646
s__Sphaerospermopsis_kisseleviana	-0.0900257989134632	0.313417022324355	0.77740065406484	0.950501253143875
s__Fischerella_sp._NIES-3754	0.220750146864418	0.370349334422438	0.558989295331774	0.830696166437312
s__Fischerella_sp._NIES-4106	-0.570154624468579	0.355897931657108	0.12756884092995	0.503907242490567
s__Tolypothrix_sp._PCC_7910	-0.128702612213854	0.308701462413187	0.681956926853784	0.900672903958289
s__Microchaete_diplosiphon	-0.320314640329863	0.303747166560066	0.306391937519505	0.72447354684415
s__Rivularia_sp._PCC_7116	-0.407771814821227	0.348149451888389	0.257651876918679	0.66666002059666
s__Calothrix_sp._NIES-2098	0.442687524800519	0.317100434183973	0.180665454017093	0.582387923356958
s__Calothrix_sp._PCC_7507	0.363730826081261	0.259382152979987	0.178823314369326	0.582387923356958
s__Calothrix_sp._NIES-2100	-0.287476534718789	0.243422234440555	0.253870618886438	0.666303257300646
s__Calothrix_brevissima	0.728562369107754	0.59114691620984	0.234552639149927	0.643344381668372
s__Calothrix_parasitica	-0.377357624456771	0.378472486245974	0.332719424491589	0.755107913739776
s__Calothrix_sp._PCC_6303	-0.0071098383317869	0.0785291437618345	0.928918245364332	0.996989410340191
s__Calothrix_sp._336/3	-0.451793286000856	0.229073487170033	0.0650729520495135	0.378807681297818
s__Cylindrospermum_stagnale	0.153547843740035	0.26483183762122	0.569658816495811	0.834919792115998
s__Trichormus_azollae	0.00165383699514263	0.220299483346454	0.994097554976999	0.999302254217716
s__Anabaena_cylindrica	0.119323300492025	0.260018345714794	0.65211650371654	0.885476440690069
s__Anabaena_sp._90	0.429963748728174	0.304266286033043	0.175669712078709	0.577544258888906
s__Anabaena_sp._WA102	0.289200909629796	0.165112518340964	0.0978725817043268	0.437012457842576
s__Richelia_sinica	-0.576764967173532	0.288827754420913	0.0621015064826011	0.378807681297818
s__Nostoc_sp._C052	-0.234353466479209	0.170118181741327	0.186196148866983	0.59188179772286
s__Nostoc_sp._UHCC_0702	-0.170231111830363	0.158881752566147	0.298950836124136	0.723531974531191
s__Nostoc_sp._TCL26-01	-0.175113162438147	0.165436836680992	0.304641545495953	0.723939815094959
s__Nostoc_sp._ATCC_53789	-0.304502200221223	0.486334831773844	0.539555155810625	0.81828270075545
s__Nostoc_sp._PCC_7524	-0.590207411433944	0.401564848067523	0.159888830917084	0.546239422350179
s__Nostoc_sp._PCC_7107	0.191735260331558	0.591755084449434	0.749881933507803	0.936133493065658
s__Nostoc_linckia	0.132300583827204	0.169147641347755	0.444878854049999	0.778461883237766
s__Nostoc_punctiforme	-0.356609208128535	0.245608069708762	0.164723281208698	0.555735938962405
s__Nostoc_sphaeroides	-0.524867486967814	0.227224516899178	0.0337131984617067	0.376353902926443
s__Nostoc_edaphicum	-0.0129582077789863	0.0865255948545318	0.882715164990283	0.984736966324506
s__Nostoc_flagelliforme	0.395637265824583	0.519785846380068	0.456994145897994	0.778461883237766
s__Nostoc_sp._Peltigera_membranacea_cyanobiont_N6	0.718843078438335	0.380966840726918	0.0763731404797273	0.392653076145295
s__Nostoc_sp._NIES-4103	-0.320559571747433	0.534496506152896	0.556588843963704	0.829697655598069
s__Nostoc_sp._Lobaria_pulmonaria_(5183)_cyanobiont	-0.0196340655209092	0.173781614204394	0.911368875037607	0.996989410340191
s__Nostoc_sp._CENA543	-0.357288962401803	0.210649442453621	0.108094918312959	0.457805230333687
s__Nostoc_sp._NIES-3756	-0.420246966742911	0.187564165284355	0.0387006372681598	0.376353902926443
s__Aquihabitans_sp._G128	0.415322491413724	0.20495125516081	0.05870375581378	0.376353902926443
s__Rubrobacter_sp._SCSIO_52915	0.0679840167879814	0.165197719851657	0.685824888326572	0.900672903958289
s__Olsenella_uli	0.211629343841382	0.0967368587760007	0.0429521275472821	0.376353902926443
s__Arabia_massiliensis	0.225105841286541	0.107451806339359	0.0514604955984753	0.376353902926443
s__Euzebya_pacifica	0.211629343841382	0.0967368587760007	0.0429521275472821	0.376353902926443
s__Egibacter_rhizosphaerae	-0.0800602794804433	0.166581897277556	0.636923109966894	0.875548737784509
s__Miltoncostaea_oceani	-0.266988014942342	0.468128092189796	0.575914348621046	0.838063764313022
s__Natronoglycomyces_albus	-0.0957380997502231	0.480294610279601	0.844367742820063	0.975442879792131
s__Catenulispora_acidiphila	0.75398255468484	0.366238243131603	0.0551829326401375	0.376353902926443
s__Frankia_sp._QA3	0.325721654809109	0.25290522291982	0.215029992325243	0.638793592010004
s__Jiangella_alkaliphila	0.139228417670959	0.511561300313492	0.788774095098452	0.952721881659914
s__Gardnerella_vaginalis	0.0673187117240182	0.548568828973891	0.903770309710416	0.995882977696881
s__Bifidobacterium_pseudolongum	0.484293510510826	0.389378320013692	0.230465839949451	0.642281543165654
s__Streptomonospora_sp._M2	0.231243294095703	0.112564948080733	0.0556525863311797	0.376353902926443
s__Nocardiopsis_dassonvillei	-0.00486895017320484	0.209151311018629	0.981698349701952	0.997038848250986
s__Thermomonospora_amylolytica	0.24774853882272	0.126867678774594	0.0675071430087357	0.381669065816914
s__Actinomadura_sp._NAK00032	0.869693776602449	0.298723072525137	0.00972527122740944	0.376353902926443
s__Thermobispora_bispora	0.24932088726531	0.209007459327756	0.249300091545806	0.664800244122149
s__Nonomuraea_sp._ATCC_55076	0.708452635214854	0.406039155621988	0.0990711159134658	0.439365497456797
s__Streptosporangium_sp._caverna	-0.728406206221341	0.475503590175119	0.143953493155936	0.523467247839768
s__Actinopolymorpha_singaporensis	-0.607438402776448	0.57033284707331	0.301743227988902	0.723531974531191
s__Nocardioides_sp._MC1495	0.403547890561434	0.300693591505461	0.197228239738127	0.610771323060006
s__Auraticoccus_monumenti	0.286448087439872	0.226428336530557	0.222912347211824	0.638793592010004
s__Microlunatus_sp._KUDC0627	0.12269880189171	0.218950589366769	0.58252077546615	0.840932247289479
s__Acidipropionibacterium_acidipropionici	0.237039871453407	0.117504260236198	0.0597390933389233	0.376353902926443
s__Cutibacterium_acnes	-0.65332531854213	0.451732824998435	0.166288635441841	0.558171643441145
s__Polymorphospora_rubra	0.700018836753251	0.276071481755432	0.0213303090070765	0.376353902926443
s__Phytohabitans_flavus	0.28212400907066	0.158416780364581	0.0928049299867205	0.428622234792467
s__Plantactinospora_sp._BB1	0.0903413728126641	0.231829879077804	0.701605914661717	0.910307951143208
s__Catellatospora_sp._IY07-71	0.378977959254556	0.391911534671042	0.347101260479734	0.767781590001255
s__Micromonospora_echinofusca	0.410288286991521	0.465457595778772	0.390354874021398	0.778461883237766
s__Actinoplanes_sp._N902-109	0.0831822538731517	0.135985027838567	0.548829231787172	0.823448119286078
s__Salinispora_tropica	-0.349539022708079	0.427472046041774	0.42484779042245	0.778461883237766
s__Flaviflexus_salsibiostraticola	-0.264175195439074	0.473444615876777	0.584128622031674	0.84198720292854
s__Schaalia_odontolytica	-0.420602190983657	0.539258951332136	0.446136611061077	0.778461883237766
s__Actinomyces_oris	-0.340987017962671	0.225969516846049	0.149660835777346	0.530163846296135
s__Allokutzneria_albata	-0.0997656962568335	0.146012930277959	0.503645280391797	0.783629609685778
s__Kibdelosporangium_phytohabitans	0.211629343841382	0.0967368587760007	0.0429521275472821	0.376353902926443
s__Alloactinosynnema_sp._L-07	0.399786024904486	0.238993354865539	0.112669332652648	0.472325586666122
s__Lentzea_guizhouensis	-0.102229178804244	0.198470688724978	0.613126576207893	0.860980594539283
s__Actinosynnema_pretiosum	0.520203660587134	0.30582360797371	0.107162411080012	0.457805230333687
s__Saccharothrix_syringae	0.264708791117498	0.28613854140786	0.367856895539214	0.778461883237766
s__Saccharopolyspora_erythraea	-0.242621233560804	0.284994638835127	0.406424975321626	0.778461883237766
s__Amycolatopsis_albispora	0.775639895940493	0.393330042373482	0.0651075702230624	0.378807681297818
s__Kutzneria_sp._CA-103260	-0.416658961153505	0.241713654955616	0.102885504169328	0.447769374331461
s__Pseudonocardia_sp._AL041005-10	0.518293937402618	0.711528590103525	0.476269767172462	0.778461883237766
s__Dietzia_lutea	0.256211454935447	0.421510952206086	0.551327785229531	0.823448119286078
s__Corynebacterium_segmentosum	-0.843028063649935	0.53193264517253	0.131427515490415	0.503907242490567
s__Nocardia_cyriacigeorgica	0.494543167121265	0.422859685558803	0.258330757981206	0.66666002059666
s__Rhodococcus_globerulus	-0.472840508034661	0.573238421088095	0.420876061736003	0.778461883237766
s__Mycolicibacillus_koreensis	0.823621543937534	0.256095274233403	0.0050691075927111	0.376353902926443
s__Mycobacteroides_abscessus	0.471018212989126	0.279478587457634	0.110188326777343	0.463950849588813
s__Mycolicibacter_minnesotensis	-0.355680211539095	0.285649324834852	0.229962530903372	0.642281543165654
s__Mycolicibacterium_aurum	0.772136854409182	0.553244698134497	0.180782917875389	0.582387923356958
s__Mycobacterium_mantenii	-0.365634351579074	0.433270614414689	0.410447115981222	0.778461883237766
s__Streptacidiphilus_sp._PB12-B1b	0.586553144745157	0.254681822070778	0.0341760684092535	0.376353902926443
s__Kitasatospora_sp._NA04385	-0.0314575154318612	0.443070326385822	0.944227175444305	0.996989410340191
s__Streptomyces_sp._Tu_2975	-0.158634726077494	0.198546239039588	0.435322723282303	0.778461883237766
s__Georgenia_faecalis	0.24932088726531	0.209007459327756	0.249300091545806	0.664800244122149
s__Xylanimonas_cellulosilytica	-0.109750146555983	0.152345907941357	0.481067304589804	0.778461883237766
s__Ornithinimicrobium_pratense	0.211629343841382	0.0967368587760007	0.0429521275472821	0.376353902926443
s__Brachybacterium_faecium	-0.123701752704391	0.286015686796397	0.670814690887879	0.893577302508243
s__Brevibacterium_sp._JNUCC-42	0.0800128264490762	0.416146025131419	0.84980797330494	0.976747282316023
s__Arsenicicoccus_sp._oral_taxon_190	0.266344825508212	0.143704628361741	0.0812599951626831	0.401261117414716
s__Cellulomonas_flavigena	0.0207865229654633	0.304489960320292	0.94636986438682	0.996989410340191
s__Dermatophilus_congolensis	0.238023567657482	0.391798611525908	0.551538688230154	0.823448119286078
s__Rathayibacter_sp._VKM_Ac-2760	0.269531560036308	0.228443027694028	0.254302278877159	0.666303257300646
s__Humibacter_sp._WJ7-1	0.278796218861285	0.219112310900577	0.220363573610719	0.638793592010004
s__Clavibacter_michiganensis	-0.109750146555983	0.152345907941357	0.481067304589804	0.778461883237766
s__Microcella_alkaliphila	0.231243294095703	0.112564948080733	0.0556525863311797	0.376353902926443
s__Microbacterium_caowuchunii	0.316183596406211	0.191058280055446	0.116286342750741	0.481184866554792
s__Curtobacterium_flaccumfaciens	-0.41358045661904	0.525382162936746	0.442002595053083	0.778461883237766
s__Candidatus_Aquiluna_sp._UB-MaderosW2red	-0.573102173965513	0.314888129439087	0.0864097946557659	0.416851270701182
s__Agromyces_sp._G127AT	-0.521116305948423	0.411729504679792	0.222700884746413	0.638793592010004
s__Leifsonia_xyli	0.303255609862519	0.27167804266428	0.279852685494551	0.696006678950178
s__Microterricola_viridarii	0.380515788551183	0.274339893498888	0.18335316017125	0.584780843071096
s__Protaetiibacter_intestinalis	0.420649470446241	0.554481735385054	0.458460434940072	0.778461883237766
s__Rothia_mucilaginosa	-0.139553182477861	0.75169073048303	0.854914481508193	0.978476040438741
s__Kocuria_varians	0.294007378196104	0.211166994058781	0.181778416100955	0.583636386143535
s__Micrococcus_luteus	-0.358152151678588	0.809184301039262	0.663628646176944	0.893063315508286
s__Arthrobacter_sp._KBS0702	-0.270533494190353	0.24218285995842	0.27950700174479	0.696006678950178
s__Ndongobacter_massiliensis	-0.119066092978509	0.158352975228049	0.462393383937768	0.778461883237766
s__endosymbiont_TC1_of_Trimyema_compressum	-0.00265444560539776	0.196817883496472	0.98939642338152	0.997735395416809
s__Turicibacter_sp._H121	0.0535707258640817	0.251273159989554	0.833708951867187	0.971217331582523
s__Intestinibaculum_porci	0.231243294095703	0.112564948080733	0.0556525863311797	0.376353902926443
s__Erysipelothrix_rhusiopathiae	0.173547617196242	0.244579304512541	0.487586255836758	0.778461883237766
s__Longicatena_caecimuris	-0.0229179092585462	0.291639756244236	0.938281935476482	0.996989410340191
s__Amedibacterium_intestinale	0.260073127278134	0.325922025859926	0.435898542244047	0.778461883237766
s__Faecalibacillus_intestinalis	-0.486801733732012	0.39085982313497	0.229855060400915	0.642281543165654
s__[Clostridium]_innocuum	0.509029097161749	0.372034903897027	0.189053551718222	0.59701121595228
s__Phascolarctobacterium_faecium	0.0799598814951967	0.435277202894415	0.856423055806338	0.978769206635815
s__Dialister_pneumosintes	0.0530552586074877	0.155955529473022	0.737877224135738	0.931054321883675
s__Veillonella_parvula	-0.585335544480692	0.649043450844229	0.379740296471522	0.778461883237766
s__Pectinatus_frisingensis	-0.108783892291831	0.155662864694277	0.494100941301732	0.778461883237766
s__Selenomonas_sp._oral_taxon_136	-0.0358708511491913	0.183121156250305	0.847021868568906	0.976159656453961
s__Megamonas_funiformis	0.0445617164066592	0.0766076659359764	0.56841120166859	0.834919792115998
s__Methylomusa_anaerophila	0.218584902980567	0.102170391517969	0.0472046309609191	0.376353902926443
s__Pelosinus_sp._UFO1	-0.104312218377523	0.157561596556697	0.516819851413732	0.800237189285778
s__Ezakiella_massiliensis	0.204335959266701	0.284100535947977	0.481765077387118	0.778461883237766
s__Sedimentibacter_sp._zth1	0.11552515285229	0.116921422087221	0.336979613985471	0.759387265812383
s__Gottschalkia_acidurici	0.0761567665045544	0.11816707831692	0.52786315466732	0.808211528677237
s__Helcococcus_kunzii	-0.178406111581179	0.192961891292987	0.368130109752402	0.778461883237766
s__Peptoniphilus_harei	0.471567914595995	0.203480174149948	0.0332042375998877	0.376353902926443
s__Finegoldia_magna	-0.60276966885631	0.349472410830319	0.10269599819905	0.447769374331461
s__Parvimonas_micra	0.0605042820705167	0.120468101570914	0.62193958018853	0.8665631305965
s__Anaerococcus_prevotii	-0.0902753105105344	0.0960510306375886	0.360448946472185	0.778461883237766
s__Schnuerera_ultunensis	0.0380505443088945	0.297753589617739	0.899813058539575	0.99403974246029
s__Tissierellia_sp._JN-28	0.085900156325923	0.238899163178838	0.723598954545208	0.9249733639992
s__Keratinibaculum_paraultunense	0.235427746591966	1.10668265717826	0.834065374617469	0.971217331582523
s__Koleobacter_methoxysyntrophicus	0.211629343841382	0.0967368587760007	0.0429521275472821	0.376353902926443
s__Biomaibacter_acetigenes	-0.376282922054538	0.193365264399142	0.068382374292197	0.381669065816914
s__Tepidanaerobacter_acetatoxydans	-0.00352431176521905	0.192610109716311	0.985614444781444	0.997038848250986
s__Natranaerobius_thermophilus	0.112268321910834	0.233604814243922	0.636933786186281	0.875548737784509
s__Anoxybacter_fermentans	0.280442545316515	0.200515292547261	0.179908630088545	0.582387923356958
s__Halothermothrix_orenii	0.353407883376213	0.182314219135828	0.0693555076652635	0.382651076773867
s__Halanaerobium_praevalens	0.381395124918222	0.339680040304123	0.277127202939357	0.692818007348393
s__Halocella_sp._SP3-1	0.0910464236290183	0.102478384354304	0.386699873868119	0.778461883237766
s__Acetohalobium_arabaticum	-0.333196925596963	0.257029249279569	0.212181406353922	0.638539655485157
s__Halobacteroides_halobius	0.108464325792104	0.140390447386621	0.450373400046063	0.778461883237766
s__Mahella_australiensis	-0.108783892291831	0.155662864694277	0.494100941301732	0.778461883237766
s__Ammonifex_degensii	0.291440413724573	0.246313492995945	0.25300928348166	0.666303257300646
s__Caldanaerobacter_subterraneus	-0.177155457336675	0.197396108761229	0.38200700488993	0.778461883237766
s__Thermoanaerobacter_italicus	0.0905066959904232	0.415514880278345	0.830163837073254	0.970715327150211
s__Carboxydothermus_hydrogenoformans	0.488004348143029	0.385051913214558	0.222108402013842	0.638793592010004
s__Thermodesulfobium_narugense	0.204267630016294	0.232343500743516	0.391571256477795	0.778461883237766
s__Caldicellulosiruptor_owensensis	-0.884326363561111	0.585170207370545	0.149095169360677	0.530125100554506
s__Thermoanaerobacterium_thermosaccharolyticum	0.0501167291744905	0.10416649849542	0.63656437498207	0.875548737784509
s__Thermaerobacter_marianensis	0.270538816243945	0.211265203343694	0.217543125992702	0.638793592010004
s__Fenollaria_sp._EMRHCC_24	-0.128473471739771	0.168496775556464	0.456230372177271	0.778461883237766
s__Alkalicella_caledoniensis	0.057024294712279	0.189772958785806	0.767449443695787	0.950336912925607
s__Christensenella_sp._Marseille-P3954	0.602050540211361	0.421404711471594	0.17121418529908	0.57270250134884
s__Candidatus_Formimonas_warabiya	0.00989786539980115	0.158613462963262	0.950970190793277	0.996989410340191
s__Desulfitobacterium_dichloroeliminans	-0.00196828508432215	0.172395916228264	0.99102347833676	0.997735395416809
s__Thermoanaerosceptrum_fracticalcis	0.242531453871036	0.122270415442073	0.0636951304640564	0.378807681297818
s__Desulfofarcimen_acetoxidans	0.415796319008938	0.2625937617774	0.131750747776179	0.503907242490567
s__Desulfosporosinus_orientis	0.473998819174358	0.192516235857347	0.0247933925742947	0.376353902926443
s__Desulfotomaculum_reducens	0.0789364826642827	0.183944100061722	0.673215422317193	0.893895996437766
s__Desulfallas_gibsoniae	0.0902141417536063	0.202842432535368	0.662111004986144	0.893063315508286
s__Caloranaerobacter_azorensis	-0.565973121688208	0.752605874207671	0.462326121797005	0.778461883237766
s__Eubacterium_sp._NSJ-61	0.0447983095696053	0.396567027354187	0.911381345217675	0.996989410340191
s__Acetobacterium_woodii	0.31315997108938	0.340008957441188	0.369918830851552	0.778461883237766
s__Candidatus_Syntrophocurvum_alkaliphilum	-0.0357341365177558	0.129501457875189	0.785923387359241	0.952634408920292
s__Aminipila_terrae	0.180321420434826	0.101222841825501	0.0927151087341613	0.428622234792467
s__Mogibacterium_diversum	-0.657783660362465	0.254252063149053	0.0191835604700277	0.376353902926443
s__Petrocella_atlantisensis	-0.137363627364149	0.174400946628311	0.441756585196787	0.778461883237766
s__Vallitalea_pronyensis	-0.472088190412209	0.285098508409326	0.116087463782657	0.481184866554792
s__Dysosmobacter_sp._Marseille-Q4140	0.317623774681874	0.272001711426546	0.259034254045108	0.666683334807785
s__Oscillibacter_sp._MM50	0.231243294095703	0.112564948080733	0.0556525863311797	0.376353902926443
s__Fastidiosipila_sanguinis	0.193054963158008	0.265827711850227	0.477572008167617	0.778461883237766
s__Monoglobus_pectinilyticus	-0.0968863108476372	0.287825530744109	0.740526983763166	0.931054321883675
s__Thermoclostridium_stercorarium	0.172398674383156	0.38339233315826	0.658631576150934	0.890544102964643
s__Ruminococcus_sp._JE7A12	0.00791934946213585	0.347080308078181	0.98206189007386	0.997038848250986
s__Pseudoclostridium_thermosuccinogenes	0.0100788106239813	0.0929380998033883	0.914911250920539	0.996989410340191
s__Ruminiclostridium_herbifermentans	0.0402201915106685	0.0771017641588456	0.608643524136376	0.85926144583959
s__Acetivibrio_saccincola	0.0293064311192561	0.10530231763631	0.784133019230096	0.95166586404664
s__Faecalibacterium_prausnitzii	0.997927029646772	0.425403092114139	0.0313711119812179	0.376353902926443
s__Faecalicatena_sp._Marseille-Q4148	0.130183080698603	0.264222492082203	0.628525932074881	0.870685273869965
s__Pseudobutyrivibrio_xylanivorans	-0.182153092844109	0.384441787201963	0.641662084133718	0.876238407920867
s__Lacrimispora_saccharolytica	0.379018411719067	0.185862366888891	0.0572841484772139	0.376353902926443
s__Enterocloster_bolteae	0.157358906677314	0.228643027496792	0.500592543743676	0.783629609685778
s__Coprococcus_sp._ART55/1	-0.0410667254670731	0.277507593510439	0.884096348068302	0.984736966324506
s__Anaerobutyricum_hallii	-0.258497359452816	0.209016916676397	0.233001173015831	0.642281543165654
s__Herbinix_luporum	0.294226504990903	0.245753992785729	0.247641615323436	0.664800244122149
s__Butyrivibrio_fibrisolvens	-0.0215171386610197	0.0909057990020593	0.815720379537266	0.960147087586265
s__Anaerostipes_hadrus	0.0802052473830489	0.238446280192555	0.740711117721702	0.931054321883675
s__Anaerocolumna_cellulosilytica	-0.0527678391689766	0.0893648169212561	0.562639304277433	0.833651520274342
s__[Ruminococcus]_torques	-0.0513643082809949	0.537189186592719	0.92494301685508	0.996989410340191
s__Roseburia_hominis	-0.0570662968422272	0.105976073586043	0.597224761956406	0.851910507396954
s__Lachnoclostridium_phytofermentans	0.927511925383591	0.38206483266623	0.0265951753615728	0.376353902926443
s__Cellulosilyticum_lentocellum	0.217698194560922	0.272637273205073	0.435599856500479	0.778461883237766
s__Blautia_producta	0.342077045380044	0.335004811597813	0.321514247451724	0.738405927161853
s__Lachnoanaerobaculum_umeaense	0.111037517730451	0.155725229954799	0.485497673819941	0.778461883237766
s__Peptoclostridium_acidaminophilum	0.211629343841382	0.0967368587760007	0.0429521275472821	0.376353902926443
s__Acetoanaerobium_sticklandii	0.0532369726930923	0.239498941360676	0.826740755314281	0.970258099146345
s__Filifactor_alocis	-0.0232442198262549	0.257395317415525	0.929099904527504	0.996989410340191
s__Paraclostridium_bifermentans	-0.010674139605501	0.110849219117253	0.924412981460487	0.996989410340191
s__Peptacetobacter_hiranonis	-0.00253136191322055	0.092428457835574	0.978469798249485	0.997038848250986
s__Paeniclostridium_sordellii	-0.729836134181666	0.486497725470677	0.151909774003883	0.532238624247183
s__Clostridioides_difficile	-0.467203498533173	0.225581659118153	0.0538836700387385	0.376353902926443
s__Romboutsia_sp._CE17	0.320964968351377	0.418351831542538	0.453479198791709	0.778461883237766
s__Caloramator_sp._E03	0.034723929418194	0.0716826955585659	0.634275824642105	0.875548737784509
s__Geosporobacter_ferrireducens	-0.474548087109368	0.294242418581259	0.125200535008437	0.496797389814515
s__Hungatella_hathewayi	0.115709780125799	0.205997486311984	0.581647651091125	0.840932247289479
s__Candidatus_Arthromitus_sp._SFB-rat-Yit	-0.212038518792834	0.273817110236182	0.449342730341292	0.778461883237766
s__Sarcina_sp._JB2	-0.0339743432059122	0.0921499026653167	0.716913394947822	0.921264006663325
s__Hathewaya_histolytica	-0.00755732147243235	0.115698683586249	0.948682007707276	0.996989410340191
s__Crassaminicella_sp._SY095	0.061665159955433	0.111472982092229	0.587338732576618	0.842935146915463
s__Alkaliphilus_sp._B6464	0.037756695256204	0.139960064357996	0.79058631733575	0.952721881659914
s__Serpentinicella_alkaliphila	-0.245874810034556	0.538320091767654	0.653636577114838	0.886286884223509
s__Clostridium_botulinum	-0.42893600035259	0.288454983798169	0.155323858364959	0.540256898660726
s__Suicoccus_acidiformans	-0.415168537295609	0.544353438354175	0.456106346086936	0.778461883237766
s__Aerococcus_christensenii	0.221769940990835	0.245239656284385	0.378473982008737	0.778461883237766
s__Marinilactibacillus_sp._15R	0.286448087439872	0.226428336530557	0.222912347211824	0.638793592010004
s__Carnobacterium_maltaromaticum	0.248795275268568	0.267168990773928	0.364772559799935	0.778461883237766
s__Dolosigranulum_pigrum	0.212971103516535	0.233428366978567	0.374335834371039	0.778461883237766
s__Jeotgalibaca_porci	-0.474599050879499	0.5500194344689	0.400214938537773	0.778461883237766
s__Tetragenococcus_osmophilus	-0.256619060732878	0.275214278791601	0.364167170417572	0.778461883237766
s__Vagococcus_carniphilus	0.259889561825281	0.314615844158931	0.420216253383543	0.778461883237766
s__Melissococcus_plutonius	0.0600693320322925	0.0791110346541662	0.458070909425897	0.778461883237766
s__Enterococcus_faecium	-0.687254093381815	0.302406797974012	0.0363154225792039	0.376353902926443
s__Apilactobacillus_bombintestini	-0.108783892291831	0.155662864694277	0.494100941301732	0.778461883237766
s__Oenococcus_oeni	0.231243294095703	0.112564948080733	0.0556525863311797	0.376353902926443
s__Levilactobacillus_brevis	0.36437415087123	0.257353921109471	0.174880650332568	0.576925856767235
s__Loigolactobacillus_coryniformis	0.396650259712003	0.196710547324536	0.0598384930554901	0.376353902926443
s__Liquorilactobacillus_hordei	0.105017543082251	0.223226252791673	0.644010567166675	0.877608098314412
s__Lentilactobacillus_hilgardii	0.28572241510128	0.16181468756474	0.0953921389036424	0.433098133745273
s__Fructilactobacillus_sanfranciscensis	0.797541565417577	0.32267051094827	0.0243144579025324	0.376353902926443
s__Paucilactobacillus_oligofermentans	-0.417013176892068	0.400891453412737	0.312809239322563	0.729181550010595
s__Lacticaseibacillus_rhamnosus	-0.171299375063942	0.279146658360696	0.547568284987021	0.823448119286078
s__Leuconostoc_mesenteroides	-0.00973286337633395	0.364498404064979	0.979008310160922	0.997038848250986
s__Companilactobacillus_alimentarius	-0.121196965445764	0.218862097197487	0.586953973621892	0.842935146915463
s__Weissella_soli	-0.380051889301299	0.284805137693589	0.199663481895915	0.616324574341087
s__Ligilactobacillus_salivarius	-0.209746076149161	0.244199208866864	0.402337171977658	0.778461883237766
s__Pediococcus_pentosaceus	0.047448589110384	0.273416204990698	0.864276791650845	0.980833082052495
s__Lactiplantibacillus_plantarum	-0.170500765844647	0.289079022674726	0.563078135168652	0.833651520274342
s__Latilactobacillus_sakei	-0.311717961879131	0.51240064596323	0.550998994389985	0.823448119286078
s__Lactobacillus_kullabergensis	-0.335720085948876	0.265977412802246	0.223914338334205	0.639755252383442
s__Limosilactobacillus_fermentum	-0.454831672577767	0.210856094804149	0.0456061007663806	0.376353902926443
s__Streptococcus_pneumoniae	-0.479390427854193	0.215969265310667	0.0403273454235623	0.376353902926443
s__Lactococcus_cremoris	0.746457298789341	1.03376147883088	0.48006153631418	0.778461883237766
s__Polycladomyces_abyssicola	0.231243294095703	0.112564948080733	0.0556525863311797	0.376353902926443
s__Staphylospora_marina	0.0295645680762339	0.177854485483753	0.869937772571605	0.980833082052495
s__Exiguobacterium_alkaliphilum	0.425254919370294	0.221255743963685	0.0715288995324854	0.387688333864544
s__Exiguobacterium_sp._Helios	0.237039871453407	0.117504260236198	0.0597390933389233	0.376353902926443
s__Alicyclobacillus_ferrooxydans	-0.534352708225408	0.237523964435132	0.0380071920211894	0.376353902926443
s__Brochothrix_thermosphacta	-0.0314740793798475	0.229441841447669	0.892502669339652	0.98937940250123
s__Listeria_monocytogenes	0.401273090129234	0.363100527533819	0.284499439269682	0.703916138399212
s__Ureibacillus_thermophilus	0.222135111426129	0.269524046998653	0.421253323239266	0.778461883237766
s__Solibacillus_silvestris	0.189000559604465	0.25586468130089	0.470181299649606	0.778461883237766
s__Paenisporosarcina_antarctica	0.171241798158274	0.223175422386968	0.45343067733462	0.778461883237766
s__Jeotgalibacillus_malaysiensis	0.231243294095703	0.112564948080733	0.0556525863311797	0.376353902926443
s__Kurthia_zopfii	0.053309968589419	0.18097689980824	0.771890781288788	0.950501253143875
s__Planococcus_versutus	0.0472947807878935	0.277325675345803	0.866599662567397	0.980833082052495
s__Rummeliibacillus_stabekisii	-0.123557131291884	0.191278909460418	0.526934203324032	0.808078011487334
s__Planomicrobium_glaciei	-0.00305936699300302	0.28296824807118	0.991499549195454	0.997735395416809
s__Viridibacillus_sp._JNUCC-6	0.0747577616459149	0.0801949725134644	0.364284407305355	0.778461883237766
s__Sporosarcina_ureae	-0.186248832168788	0.283260645593287	0.519652505018634	0.802036020607537
s__Gemella_sanguinis	0.0633350974062846	0.260639130952288	0.810913792934815	0.95950208586645
s__Gemella_morbillorum	0.0571267842311899	0.107724901629829	0.60276098196486	0.856861287947546
s__Gemella_haemolysans	-0.250924204368617	0.474933999687979	0.60409634888367	0.856861287947546
s__Gemella_sp._zg-570	-0.443372179140103	0.279987522813278	0.13172288698964	0.503907242490567
s__Aneurinibacillus_sp._XH2	0.000317664456075656	0.189115094742422	0.998679314958712	0.999749166654923
s__Saccharibacillus_brassicae	0.303281057873707	0.486219920056637	0.541069901172443	0.819285654772153
s__Brevibacillus_laterosporus	-0.184598958095108	0.542733714478919	0.737926592897086	0.931054321883675
s__Cohnella_abietis	-0.526571706909731	0.339295350368751	0.139089442739711	0.516562672561164
s__Paenibacillus_yonginensis	-0.517927465173109	0.204063658449138	0.0212242948781862	0.376353902926443
s__Parageobacillus_toebii	-1.60995343089726	0.638864421574336	0.0220253745200654	0.376353902926443
s__Sediminibacillus_sp._DP4-553-S	0.00294230626061642	0.155934727212815	0.985165435834396	0.997038848250986
s__Salimicrobium_jeotgali	0.218584902980567	0.102170391517969	0.0472046309609191	0.376353902926443
s__Radiobacillus_deserti	0.225105841286541	0.107451806339359	0.0514604955984753	0.376353902926443
s__Paraliobacillus_zengyii	0.548237417042732	0.308974593676724	0.0939101501249036	0.429303543428131
s__Aeribacillus_pallidus	-0.325938204964431	0.370678791836046	0.391498174972533	0.778461883237766
s__Pradoshia_sp._D12	0.0725208109066364	0.168186282086466	0.671745853703293	0.893577302508243
s__Anaerobacillus_isosaccharinicus	0.0526733167164095	0.196315849682887	0.791690103821964	0.952721881659914
s__Bacillus_cohnii	0.409173290659717	0.253731290549189	0.125234342015742	0.496797389814515
s__Metabacillus_sp._KUDC1714	-0.265502044301337	0.358863700104229	0.469491126064726	0.778461883237766
s__Anoxybacillus_caldiproteolyticus	0.113752979087473	0.311268788853243	0.719283362173719	0.921264006663325
s__Halobacillus_litoralis	0.0855793550324878	0.291773675715626	0.772837630260734	0.950501253143875
s__Alkalihalobacillus_krulwichiae	0.217500667607978	0.369555215968747	0.563903775956922	0.833651520274342
s__Rossellomorea_vietnamensis	0.151759968873678	0.43204568027107	0.729709650305319	0.929073294818443
s__Pontibacillus_sp._ALD_SL1	-0.197067906929477	0.399807428896904	0.628384364902251	0.870685273869965
s__Lederbergia_lentus	-0.835240724442118	0.38261098198594	0.0433483251890602	0.376353902926443
s__Mesobacillus_foraminis	-0.300844341763303	0.291008044871152	0.315712810317796	0.732087676099237
s__Neobacillus_cucumis	0.393425300410929	0.30901801252803	0.220101131409599	0.638793592010004
s__Weizmannia_coagulans	-0.0818858933879721	0.229405816608945	0.725523214155179	0.926199847857675
s__Lentibacillus_sp._CBA3610	-0.000248399444763825	0.247896513854558	0.999212161553727	0.999749166654923
s__Fictibacillus_arsenicus	0.0518280101858397	0.401513222660515	0.898807897639538	0.99403974246029
s__Heyndrickxia_oleronia	-0.373780588648412	0.228085723290224	0.119634134252622	0.486647325773377
s__Psychrobacillus_glaciei	-0.24752011781548	0.303059185720044	0.425375871224747	0.778461883237766
s__Caldibacillus_thermoamylovorans	0.288769106823336	0.282467620969675	0.32096339996556	0.738405927161853
s__Niallia_circulans	0.0591650526767364	0.112226074400785	0.604870465400491	0.856861287947546
s__Gracilibacillus_sp._SCU50	0.766239427933252	0.44009595706604	0.0997363167209726	0.439365497456797
s__Evansella_cellulosilytica	0.030841620275894	0.122206310263088	0.803778535210831	0.957269966265505
s__Oceanobacillus_kimchii	-0.918870539212076	0.542005506325224	0.108251861755986	0.457805230333687
s__Cytobacillus_oceanisediminis	-0.914845953258145	0.349195013340277	0.0179271850531161	0.376353902926443
s__Peribacillus_simplex	-0.00241177945523191	0.0974622772813428	0.980545899542627	0.997038848250986
s__Lysinibacillus_sphaericus	-0.394263008892509	0.546589949685171	0.480519837006698	0.778461883237766
s__Virgibacillus_necropolis	-0.250319615272059	0.456434928871938	0.590531362978966	0.846134490238519
s__Priestia_megaterium	-0.506779150657643	0.208836435935016	0.0266464956200446	0.376353902926443
s__Amphibacillus_xylanus	-0.30558010225589	0.203141062154971	0.150862097296743	0.53141490118499
s__Bacillus_thuringiensis	-0.484061382461625	0.223534364914942	0.0448615583080215	0.376353902926443
s__Abyssicoccus_albus	-0.127797464159603	0.164059615604454	0.446706156925483	0.778461883237766
s__Nosocomiicoccus_ampullae	0.181234814253606	0.202870533738574	0.384141222810138	0.778461883237766
s__Jeotgalicoccus_sp._WY2	0.126647662445279	0.269598771282793	0.644493447199647	0.877608098314412
s__Macrococcus_canis	0.111019373713758	0.194788848716943	0.576168837965203	0.838063764313022
s__Mammaliicoccus_lentus	-0.146495836622549	0.446029812325924	0.74658698231651	0.935670369482833
s__Staphylococcus_aureus	-0.493652520651903	0.228897792583853	0.0456436386405372	0.376353902926443
s__Candidatus_Nanosynbacter_lyticus	0.170464256911897	0.169044942956958	0.327402743033758	0.746571575563913
s__Nibribacter_ruber	0.16423528490678	0.187297441375309	0.392780999373594	0.778461883237766
s__Denitratisoma_oestradiolicum	0.215545411590873	0.246705268033668	0.394458664595742	0.778461883237766
s__Orrella_dioscoreae	0.233636032039684	0.253199187516014	0.369056355362458	0.778461883237766
s__Sodalis_sp._dw_23	-0.418548557984499	0.301499014316926	0.182993310887224	0.584780843071096
s__Phytobacter_ursingii	0.341628992459426	0.339735451410575	0.328720198089771	0.747799502763461
s__Fannyhessea_vaginae	0.19202487423581	0.204125189608095	0.360024056389981	0.778461883237766
s__Gordonia_sp._YC-JH1	0.230713854198415	0.271481763018798	0.407228289658307	0.778461883237766
s__Lawsonella_clevelandensis	0.41743518381252	0.392339771068717	0.3022253351948	0.723531974531191
s__Janibacter_indicus	-0.542682776866192	0.617564758512436	0.391790443724903	0.778461883237766
s__Thermanaeromonas_toyohensis	0.160543400885907	0.181075037222758	0.387658357841002	0.778461883237766
s__Exiguobacterium_sp._PFWT01	0.204229326787336	0.225048500097059	0.376832367741482	0.778461883237766
s__Exiguobacterium_sp._AT1b	0.211188897757144	0.237132965597824	0.385578651157241	0.778461883237766
s__Geobacillus_sp._WCH70	-1.21498893037551	0.630657500880939	0.0709234231985191	0.387688333864544
