Representative_ASV	Beta	SE	P	FDR_BH
s__Caldisericum_exile	0.00707214748276816	0.149840035386277	0.962905476730935	0.994946230890958
s__Candidatus_Endomicrobium_trichonymphae	0.522598630810544	0.197755878102503	0.0170999176410587	0.611075087294641
s__Elusimicrobium_minutum	0.037113933416452	0.101550556411318	0.719266421143529	0.973900936950335
s__Aminobacterium_colombiense	0.0917590118941332	0.205257558083958	0.660486976505348	0.971371298573622
s__Thermodesulfovibrio_yellowstonii	-0.14521607699582	0.164819694985464	0.390571960240723	0.858985399388973
s__Dissulfurispira_thermophila	0.926030582003261	0.346372501850545	0.0160367585302548	0.611075087294641
s__Thermodesulfobacterium_geofontis	-0.00787943902151543	0.200022474862875	0.969036172794839	0.994946230890958
s__Thermodesulfatator_indicus	0.0262879281810995	0.180681121713055	0.886032425430423	0.994946230890958
s__Candidatus_Chazhemtobacterium_aquaticus	-0.374099756386367	0.273206610355575	0.188727351114671	0.686281276780622
s__Candidatus_Babela_massiliensis	0.208021833752607	0.225409494068972	0.368992650481283	0.853573360149475
s__Candidatus_Saccharimonas_aalborgensis	0.0844822161587944	0.195078070438785	0.670409430219931	0.971371298573622
s__Kiritimatiella_glycovorans	0.037113933416452	0.101550556411318	0.719266421143529	0.973900936950335
s__Fibrobacter_succinogenes	0.015091476152697	0.121726613136568	0.902786447268987	0.994946230890958
s__Melioribacter_roseus	0.0131275126574106	0.143939682072524	0.928398528263753	0.994946230890958
s__Ignavibacterium_album	-0.0935415006797895	0.22579473732729	0.683851670185255	0.973900936950335
s__Atribacter_laminatus	-0.188994962630519	0.342570533909577	0.588335752055998	0.936089543263765
s__Geovibrio_thiophilus	0.318304979022039	0.179620819683137	0.0942998423728898	0.644246513640031
s__Calditerrivibrio_nitroreducens	0.00139675621505719	0.155432696883835	0.992934724727504	0.996047372767402
s__Flexistipes_sinusarabici	-0.303849695298078	0.216591769627561	0.178655712593047	0.684091494496262
s__Deferribacter_desulfuricans	0.203169015041329	0.128641264893332	0.132682366491368	0.651712601071651
s__Thermotomaculum_hydrothermale	0.215557296952761	0.183183093700469	0.255517131307023	0.760818919474357
s__Granulicella_tundricola	-0.397062049726723	0.306479324821938	0.212443922781688	0.705705236967088
s__Candidatus_Solibacter_usitatus	-0.295765635367714	0.196192813227623	0.150034163695266	0.663745608974448
s__Dictyoglomus_thermophilum	-0.59167253198404	0.434917993669315	0.191462767515166	0.689899999646644
s__Persephonella_marina	0.260694331366344	0.227698736458854	0.268110614187135	0.770617334190567
s__Sulfurihydrogenibium_sp._YO3AOP1	0.462263029863082	0.317667662238265	0.16383734718896	0.672166421642476
s__Hydrogenobacter_thermophilus	0.0254343022973143	0.112034354021741	0.823113949488066	0.993948920136532
s__Hydrogenobaculum_sp._Y04AAS1	-0.229551157404447	0.220871641037036	0.313223651931525	0.79262404485646
s__Aquifex_aeolicus	-0.162489108926069	0.292824258449839	0.586188663214708	0.935378546790327
s__Chlamydia_gallinacea	0.216038256652965	0.325139237507298	0.515315746317969	0.903105467725166
s__Candidatus_Protochlamydia_naegleriophila	-0.276701712737849	0.193617674520696	0.171089953671118	0.681520147403624
s__Neochlamydia_sp._S13	0.0103321047240854	0.126290054201621	0.93575134744701	0.994946230890958
s__Simkania_negevensis	-0.103350203198485	0.314267640240755	0.746277715118423	0.982958505639448
s__Humisphaera_borealis	0.431472627071906	0.200217043256204	0.0457888535809014	0.644246513640031
s__Candidatus_Kuenenia_stuttgartiensis	0.197244615056334	0.188105256945101	0.309048283216367	0.79262404485646
s__Paludisphaera_borealis	0.237318724085827	0.234190770898753	0.325096465604607	0.810630148001098
s__Isosphaera_pallida	-0.0890758667390663	0.160685910828713	0.586560297049768	0.935378546790327
s__Aquisphaera_giovannonii	-0.106721682841132	0.247955629289151	0.672307024399644	0.971371298573622
s__Crateriforma_conspicua	0.331869706920118	0.137726002472929	0.0275831966585717	0.611075087294641
s__Gimesia_alba	-0.816510476940793	0.540445972891671	0.149201549795169	0.663745608974448
s__Pirellulimonas_nuda	0.00707214748276816	0.149840035386277	0.962905476730935	0.994946230890958
s__Botrimarina_mediterranea	-0.13440367052795	0.374269988582976	0.723935142293409	0.976508883832457
s__Stieleria_neptunia	0.0201151765293741	0.116977413849457	0.865501151020661	0.994946230890958
s__Rubripirellula_lacrimiformis	0.0201151765293741	0.116977413849457	0.865501151020661	0.994946230890958
s__Pirellula_sp._SH-Sr6A	0.505377981873548	0.187335989264509	0.0152477808908996	0.611075087294641
s__Lignipirellula_cremea	0.29854829256566	0.387332443572536	0.45141730911554	0.871952951209091
s__Aureliella_helgolandensis	-0.0103061506948012	0.146655479628937	0.944795190464466	0.994946230890958
s__Roseimaritima_ulvae	-0.169356601778923	0.206662258953514	0.423850485877998	0.861917211607132
s__Tuwongella_immobilis	-0.0890758667390663	0.160685910828713	0.586560297049768	0.935378546790327
s__Limnoglobus_roseus	0.207580448903369	0.354225580945765	0.565567383467352	0.932894653142024
s__Gemmata_massiliana	-0.301121987119051	0.423537624223068	0.486744687816482	0.896880806725187
s__Urbifossiella_limnaea	-0.0266600420063092	0.350027121300835	0.940176502346962	0.994946230890958
s__Ereboglobus_luteus	0.366250694356781	0.163078196748455	0.038295942124395	0.644246513640031
s__Luteolibacter_sp._32A	0.241153618870782	0.149936079934521	0.126164942254506	0.644246513640031
s__Verrucomicrobium_spinosum	0.150750965735561	0.220393632133744	0.503188462724106	0.903105467725166
s__Roseimicrobium_sp._ORNL1	-0.288642423795496	0.299588766851079	0.348821546885214	0.839269887242619
s__Akkermansia_muciniphila	-0.174454902673156	0.22319776810807	0.445190402180195	0.869453880841418
s__Methylacidiphilum_kamchatkense	0.0240936039451431	0.244354711262465	0.922608435213872	0.994946230890958
s__Leptospira_interrogans	0.242679283384506	0.305115765398416	0.437364570772405	0.867499975085762
s__Brachyspira_murdochii	0.049066179107278	0.358771529686919	0.892825808172697	0.994946230890958
s__Sphaerochaeta_pleomorpha	0.173924928520824	0.192770910142941	0.379537434034136	0.855085219646395
s__Thiospirochaeta_perfilievii	-0.058431989382536	0.255955290998283	0.822144333993833	0.993948920136532
s__Spirochaeta_thermophila	-0.112490757388916	0.450607673315739	0.805855481781434	0.993948920136532
s__Treponema_ruminis	-0.254807308181418	0.153831188837746	0.115978781849507	0.644246513640031
s__Borreliella_burgdorferi	-0.217892229002364	0.196284890241399	0.282419783251992	0.780562470932042
s__Borrelia_crocidurae	-0.117258635817029	0.213289721757753	0.589632779461422	0.936089543263765
s__Sneathia_vaginalis	-0.0889832644525831	0.209128583491845	0.675813212760358	0.971662153350812
s__Sebaldella_termitidis	0.17958775514188	0.0755047904684479	0.0293752209416833	0.611075087294641
s__Pseudoleptotrichia_goodfellowii	0.0546627470192838	0.0736470427101296	0.468082500581975	0.882827506009227
s__Streptobacillus_moniliformis	0.0672309584079586	0.0967951060615152	0.496708668130216	0.903105467725166
s__Leptotrichia_buccalis	-0.39028108319534	0.431971496915362	0.378891813803166	0.855085219646395
s__Ilyobacter_polytropus	0.189149660696529	0.0901071424786168	0.0510423798605288	0.644246513640031
s__Fusobacterium_ulcerans	0.149278262362131	0.380811286430772	0.699928442488295	0.973900936950335
s__Defluviitoga_tunisiensis	0.0346023858617243	0.233294950459563	0.883835074700981	0.994946230890958
s__Petrotoga_mobilis	-0.0522519620101343	0.194253615288076	0.791175970002014	0.987683915737235
s__Tepiditoga_spiralis	-0.0398649160235174	0.305069448811193	0.897566396942046	0.994946230890958
s__Fervidobacterium_nodosum	0.353648472188354	0.153670416622925	0.0342948984700369	0.633136587139143
s__Thermosipho_melanesiensis	0.0769405494652262	0.235040615701366	0.747399707968564	0.982958505639448
s__Thermotoga_profunda	-0.297698319312799	0.229785134186692	0.212446680711967	0.705705236967088
s__Gemmatirosa_kalamazoonesis	0.806093699381911	0.432264819043034	0.0795660255085638	0.644246513640031
s__Candidatus_Cloacimonas_acidaminovorans	0.157484788041691	0.0817913165389683	0.0710693891920949	0.644246513640031
s__Chlorobaculum_limnaeum	-0.308313084794201	0.219351929704259	0.17786640751475	0.684091494496262
s__Chlorobium_phaeobacteroides	0.404591448260217	0.344177573740967	0.25598386561481	0.760818919474357
s__Prosthecochloris_sp._HL-130-GSB	0.161381618693599	0.493547339473986	0.747672379773689	0.982958505639448
s__Salinibacter_ruber	0.441103964145872	0.205600917059405	0.0466537021484131	0.644246513640031
s__Haliscomenobacter_hydrossis	-0.640761037610719	0.388223410131686	0.11719353963146	0.644246513640031
s__Paraflavitalea_soli	0.314805404731904	0.12559410939835	0.0226430440636215	0.611075087294641
s__Niabella_ginsenosidivorans	0.331869706920118	0.137726002472929	0.0275831966585717	0.611075087294641
s__Phnomibacter_ginsenosidimutans	0.332783903158729	0.312122476835944	0.301243652525694	0.791415939162313
s__Filimonas_lacunae	0.190597175133004	0.161791700013241	0.255008811881925	0.760818919474357
s__Pseudobacter_ginsenosidimutans	0.216935721481774	0.186115370172324	0.259871182985063	0.765027781166932
s__Pseudocnuella_soli	0.260304946248457	0.434751879392017	0.5572386241186	0.927585626086384
s__Niastella_koreensis	0.527083605154182	0.310335651469996	0.107652885934946	0.644246513640031
s__Panacibacter_ginsenosidivorans	-0.083585946087785	0.194738110302433	0.673151673778043	0.971371298573622
s__Flavisolibacter_tropicus	-0.715109548854365	0.384507935092754	0.0803068716787838	0.644246513640031
s__Arachidicoccus_ginsenosidivorans	0.455150235507881	0.272789369809385	0.113527432749329	0.644246513640031
s__Chitinophaga_sp._KRA15-503	-0.425431753835283	0.22083439405122	0.0709326046137664	0.644246513640031
s__Anseongella_ginsenosidimutans	-0.413297951140531	0.524715936449155	0.441739973121291	0.869453880841418
s__Pseudopedobacter_saltans	0.225369726902409	0.203616146920951	0.283781398751576	0.780602128371098
s__Solitalea_canadensis	0.413164067260311	0.225980529851262	0.0851041050951841	0.644246513640031
s__Pedobacter_heparinus	-0.49661715661614	0.561320173502208	0.388644275157881	0.857697710693255
s__Olivibacter_sp._SDN3	0.146282397803077	0.268141643121452	0.592468002292209	0.936089543263765
s__Sphingobacterium_sp._G1-14	0.340117190193692	0.488965964156648	0.4960886612052	0.903105467725166
s__Mucilaginibacter_mallensis	-0.344038471102293	0.217492346894464	0.132111019098957	0.651712601071651
s__Candidatus_Amoebophilus_asiaticus	-0.126760357124176	0.202156953258764	0.53896428704425	0.9141443737853
s__Cardinium_endosymbiont_of_Bemisia_tabaci	-0.210092672624244	0.217562316281217	0.347748522626905	0.839269887242619
s__Mangrovivirga_cuniculi	0.221656685530639	0.464860606171667	0.639559173037441	0.968985534054173
s__Marivirga_tractuosa	0.086599464777058	0.255950937594739	0.739246648137804	0.980985128642593
s__Bernardetia_litoralis	0.131046157613851	0.0674259031265833	0.068693317976387	0.644246513640031
s__Aquiflexum_balticum	0.0196174053518575	0.137702283841977	0.888389566507046	0.994946230890958
s__Cyclobacterium_marinum	0.0106719214739846	0.262357643343623	0.968027311680169	0.994946230890958
s__Belliella_baltica	-0.209685700034393	0.444042896037313	0.642775121339502	0.968985534054173
s__Algoriphagus_sanaruensis	-0.174582373270564	0.26454385670106	0.518136046575014	0.904258379578747
s__Echinicola_sp._20G	-1.15405305176465	0.427462965480512	0.015182227507938	0.611075087294641
s__Rufibacter_radiotolerans	-0.607045475343302	0.308663044442579	0.0657618118113089	0.644246513640031
s__Pontibacter_russatus	-0.0207509686681538	0.244854736724625	0.933451723660959	0.994946230890958
s__Adhaeribacter_swui	0.326576072613581	0.226474575733586	0.167472462579162	0.674268048832446
s__Hymenobacter_sp._DG01	-0.352329856745282	0.217620722898891	0.123846819864944	0.644246513640031
s__Flammeovirga_sp._MY04	-0.511814843132233	0.459614826035327	0.280960109028997	0.77959033130752
s__Aquirufa_nivalisilvae	0.193989611894074	0.166689278747013	0.260587587959986	0.765027781166932
s__Dyadobacter_fermentans	-0.51902983323368	0.38857772413965	0.199250315207272	0.696626243493748
s__Rhodocytophaga_rosea	-0.127991740503805	0.225123887670143	0.577102954683325	0.933800460419459
s__Arcticibacterium_luteifluviistationis	0.11661064097595	0.116397576744492	0.330473127687975	0.813472314308861
s__Cytophaga_hutchinsonii	-0.175238156959915	0.436708354413662	0.693219988777164	0.973900936950335
s__Runella_sp._SP2	-0.336504001017852	0.178401782595776	0.0764693522752998	0.644246513640031
s__Spirosoma_sp._KCTC_42546	-0.609046687025042	0.363455441713677	0.112087916895681	0.644246513640031
s__Alkalitalea_saponilacus	0.106358451650792	0.199172626488577	0.600254582384187	0.940292392607737
s__Labilibaculum_antarcticum	-0.123252225963004	0.219298417159873	0.581431189502065	0.933800460419459
s__Draconibacterium_orientale	0.425168487194454	0.202009948140368	0.0504990605427929	0.644246513640031
s__Maribellus_comscasis	0.449731610478853	0.229194957795009	0.0663193284904937	0.644246513640031
s__Tenuifilum_thalassicum	0.384191718390623	0.226904487877831	0.10866289837566	0.644246513640031
s__Paludibacter_propionicigenes	0.12976210191027	0.205472546348825	0.536094318671288	0.9141443737853
s__Dysgonomonas_sp._HDW5A	0.422584548683056	0.206221027330022	0.0562029951276531	0.644246513640031
s__Proteiniphilum_saccharofermentans	0.0734819910981645	0.258332378742229	0.779503275690818	0.985638734494452
s__Sodaliphilus_pleomorphus	-0.477350345000681	0.328615773444525	0.164540738631231	0.672166421642476
s__Odoribacter_splanchnicus	0.223657090806187	0.174326441210249	0.216715873422249	0.712490542758078
s__Butyricimonas_virosa	0.247774739158196	0.20016971534725	0.232605322019413	0.73696735689319
s__Salinivirga_cyanobacteriivorans	0.521008541904972	0.274500114970854	0.0748062937134937	0.644246513640031
s__Barnesiella_viscericola	0.172921894383199	0.202070434348293	0.404036366365657	0.86119078628015
s__Coprobacter_secundus	0.100769571410986	0.120024935641638	0.41280009603872	0.861917211607132
s__Porphyromonas_gingivalis	-0.363559241685552	0.405969031818713	0.383006910670642	0.855085219646395
s__Tannerella_forsythia	0.211337325289591	0.19646611536653	0.297094531778685	0.791415939162313
s__Parabacteroides_distasonis	0.113079694831432	0.0632975162356038	0.0918678147278302	0.644246513640031
s__Alistipes_indistinctus	-0.274578084680033	0.207909279374741	0.204117789750298	0.702340781936509
s__Prevotella_melaninogenica	-0.322306706267047	0.400254628633897	0.431792304791693	0.863976234802118
s__Phocaeicola_salanitronis	-0.158307526789474	0.414935900187504	0.707541906180265	0.973900936950335
s__Bacteroides_fragilis	-0.159289032722801	0.242941734174233	0.52081344882741	0.904258379578747
s__Fluviicola_taffensis	-0.234609994720835	0.352830443876379	0.515010857927787	0.903105467725166
s__Ichthyobacterium_seriolicida	-0.161867305821578	0.220887755446202	0.47366235092364	0.886385685938975
s__Candidatus_Sulcia_muelleri	0.237253625172781	0.228939845115339	0.314572667802407	0.79262404485646
s__Blattabacterium_cuenoti	-0.0957350944745843	0.266903308381708	0.724244088842406	0.976508883832457
s__Weeksella_virosa	0.0196174053518575	0.137702283841977	0.888389566507046	0.994946230890958
s__Bergeyella_cardium	0.0306034378569861	0.171350163326057	0.860361591530226	0.994946230890958
s__Epilithonimonas_vandammei	0.0336600776925264	0.219322243546085	0.879832219077422	0.994946230890958
s__Kaistella_jeonii	0.124102110406315	0.295009314914642	0.6792645721701	0.973043553648879
s__Ornithobacterium_rhinotracheale	0.280122816053115	0.496551127760208	0.58002826716475	0.933800460419459
s__Apibacter_raozihei	0.0721238907229831	0.112880118980805	0.531375733441046	0.910929828756079
s__Riemerella_anatipestifer	0.00829138253829688	0.282080909665319	0.976892971919492	0.995226878416104
s__Empedobacter_brevis	-0.962054269878233	0.369843673798634	0.0186319905667877	0.611075087294641
s__Cloacibacterium_caeni	0.18676025317492	0.284165282815341	0.519836584153136	0.904258379578747
s__Elizabethkingia_anophelis	0.655857598116011	0.484180180781022	0.193284268946479	0.692361560405297
s__Chryseobacterium_sp._3008163	-0.152213486898106	0.249628285167886	0.550084533050742	0.922149523651195
s__Dokdonia_sp._MED134	-0.0551072321408607	0.249443529857896	0.827785801640858	0.994946230890958
s__Zunongwangia_profunda	-0.0267424939624773	0.183862851776433	0.886067756766448	0.994946230890958
s__Croceibacter_atlanticus	0.323639031509828	0.131828305275097	0.0251555968740962	0.611075087294641
s__Gillisia_sp._Hel1_33_143	0.211111832937098	0.18261670123858	0.263654493351221	0.768041251571573
s__Euzebyella_marina	0.610132178094768	0.235745700165223	0.0191454540481871	0.611075087294641
s__Leeuwenhoekiella_sp._ZYFB001	0.037113933416452	0.101550556411318	0.719266421143529	0.973900936950335
s__Muricauda_ruestringensis	0.0254343022973143	0.112034354021741	0.823113949488066	0.993948920136532
s__Changchengzhania_lutea	0.00778745833107514	0.186620526004098	0.967201050066872	0.994946230890958
s__Oceanihabitans_sp._IOP_32	0.230986716444564	0.162741794573518	0.173874977181387	0.684091494496262
s__Galbibacter_sp._BG1	0.187119948611437	0.143481276778981	0.209567644046185	0.705511347265381
s__Siansivirga_zeaxanthinifaciens	0.330336811012258	0.212002984917705	0.137613492127138	0.658189754422335
s__Flagellimonas_maritima	-0.135569544958814	0.158481610553843	0.404210128832361	0.86119078628015
s__Salegentibacter_salegens	0.241620489120289	0.203004172549858	0.25031464542037	0.756865119694743
s__Amniculibacterium_sp._G2-70	0.0923146569362798	0.239477126443605	0.704659641514216	0.973900936950335
s__Antarcticibacterium_flavum	0.00150440048605026	0.134897629257837	0.99123187642295	0.996047372767402
s__Psychroflexus_torquis	0.0737641364836277	0.182825453601689	0.691633790205761	0.973900936950335
s__Arenibacter_algicola	0.078830740170175	0.195449915536854	0.691733320462235	0.973900936950335
s__Wenyingzhuangia_fucanilytica	0.0638947141058167	0.255430376553086	0.805472857521864	0.993948920136532
s__Flavivirga_eckloniae	0.295140262383268	0.203938230977654	0.166028899620507	0.672770412995602
s__Tamlana_carrageenivorans	-0.233073014884613	0.278744935260599	0.41466849808591	0.861917211607132
s__Aequorivita_sp._KX20305	-0.0315757608481417	0.202169856452595	0.877727453181132	0.994946230890958
s__Olleya_aquimaris	0.312192277317089	0.200639901090215	0.138131588208475	0.658189754422335
s__Nonlabens_sp._Ci31	-0.274363702528371	0.259953958845308	0.305997270042738	0.79262404485646
s__Mariniflexile_sp._TRM1-10	0.204961808726754	0.081348692314805	0.0220469421871941	0.611075087294641
s__Gramella_forsetii	0.305002477385146	0.2190509893142	0.181753660601554	0.684249075205852
s__Lutibacter_profundi	-0.0817268209491685	0.187052334594881	0.667668853266818	0.971371298573622
s__Seonamhaeicola_sp._S2-3	-0.0702761228679117	0.207908695218095	0.739490656449115	0.980985128642593
s__Maribacter_sp._HTCC2170	-0.515722792821625	0.476541109304673	0.294266997499016	0.791415939162313
s__Winogradskyella_sp._HaHa_3_26	0.234906268908557	0.317265226046616	0.469154927004287	0.883115156713952
s__Urechidicola_croceus	0.126977362296446	0.0767720355735936	0.116481882867413	0.644246513640031
s__Aquimarina_sp._BL5	0.119596849231309	0.0872189120312727	0.18813517957959	0.686281276780622
s__Psychroserpens_sp._NJDZ02	0.167734201988607	0.0827089668085043	0.0585290346183992	0.644246513640031
s__Myroides_phaeus	0.141028832666753	0.0526630425722159	0.0158892495321038	0.611075087294641
s__Lacinutrix_sp._5H-3-7-4	0.0904364236008252	0.0684273903790503	0.203798815680141	0.702340781936509
s__Algibacter_sp._L1A34	-0.31394790547943	0.349858961568246	0.382062020237124	0.855085219646395
s__Capnocytophaga_gingivalis	-1.05346930697321	0.397015214840157	0.0167194931213671	0.611075087294641
s__Formosa_sp._Hel1_31_208	-0.00655107547792729	0.440141234684428	0.98829798599177	0.996047372767402
s__Kordia_antarctica	0.0725996932164515	0.166206046086989	0.667750042516519	0.971371298573622
s__Cellulophaga_lytica	0.0279391819904106	0.36136147513885	0.939274516482314	0.994946230890958
s__Tenacibaculum_sp._SZ-18	0.190594895200264	0.420127003561068	0.655811178393792	0.971371298573622
s__Polaribacter_sp._L12M9	-0.311638835784773	0.360881416531827	0.399855667976735	0.86119078628015
s__Flavobacterium_johnsoniae	-0.309962599477896	0.258855350086538	0.247567413167069	0.754491163937733
s__Hydrogenophilus_thermoluteolus	-0.373420937641749	0.402800794596794	0.366870376314282	0.853573360149475
s__Bdellovibrio_sp._ZAP7	0.321814467786306	0.386795619062833	0.416942886983992	0.861917211607132
s__Halobacteriovorax_sp._BALOs_7	0.29129857873868	0.357240464055681	0.426113259758992	0.861917211607132
s__Silvanigrella_aquatica	-0.296813989726908	0.286358283366992	0.31448278937311	0.79262404485646
s__Fluviispira_sanaruensis	-0.63781347971169	0.342477621770786	0.0799295709216543	0.644246513640031
s__Hippea_maritima	0.00707214748276816	0.149840035386277	0.962905476730935	0.994946230890958
s__Desulfarculus_baarsii	0.214527076944268	0.146524730610387	0.161413073958434	0.672166421642476
s__Persicimonas_caeni	0.0201151765293741	0.116977413849457	0.865501151020661	0.994946230890958
s__Candidatus_Desulfofervidus_auxilii	-0.19444856960191	0.219593424735662	0.388244372992327	0.857697710693255
s__Desulfoglaeba_alkanexedens	0.0201151765293741	0.116977413849457	0.865501151020661	0.994946230890958
s__Syntrophobacter_fumaroxidans	-0.331883345123757	0.243099929022167	0.189981394232893	0.688234484768217
s__Desulfolutivibrio_sulfoxidireducens	-0.162667901432917	0.203828336791113	0.435840918509759	0.866267664118775
s__Lawsonia_intracellularis	0.142776932273164	0.0738109320012013	0.0698909460015154	0.644246513640031
s__Desulfovibrio_ferrophilus	-0.188017734271598	0.215760521817904	0.39566579393478	0.860531414663035
s__Desulfopila_sp._IMCC35005	0.00139675621505719	0.155432696883835	0.992934724727504	0.996047372767402
s__Desulfotalea_psychrophila	0.0310857821624919	0.10689208663647	0.774711170227433	0.982958505639448
s__Desulfobacula_toluolica	-0.0137624462903648	0.170621401603699	0.936653761569122	0.994946230890958
s__Desulfobacter_hydrogenophilus	0.17353287294479	0.15323850245879	0.273171465464047	0.779340243257255
s__Desulfonema_magnum	0.390797758213039	0.244550531997157	0.128457078399512	0.644472483859724
s__Desulfatibacillum_aliphaticivorans	0.169741184957363	0.114059338414964	0.155017739152347	0.672166421642476
s__Desulfosarcina_alkanivorans	-0.40191389054206	0.200105255001909	0.0607466122053417	0.644246513640031
s__Sandaracinus_amylolyticus	0.0201151765293741	0.116977413849457	0.865501151020661	0.994946230890958
s__Labilithrix_luteola	0.427747936946367	0.23268408572964	0.0835533335808036	0.644246513640031
s__Vulgatibacter_incomptus	0.0310857821624919	0.10689208663647	0.774711170227433	0.982958505639448
s__Anaeromyxobacter_dehalogenans	0.31313721906613	0.178810068228972	0.0979273956295914	0.644246513640031
s__Haliangium_ochraceum	-0.435795710191351	0.217106548575053	0.0608882271183172	0.644246513640031
s__Minicystis_rosea	0.206936921473485	0.129496435921391	0.128459774174612	0.644472483859724
s__Chondromyces_crocatus	-0.10571269089863	0.364159138976644	0.775103738301106	0.982958505639448
s__Sorangium_cellulosum	-0.1651364526955	0.138891181614166	0.250797573763554	0.756865119694743
s__Stigmatella_aurantiaca	0.437118628696741	0.234112288617236	0.0792253341542724	0.644246513640031
s__Cystobacter_fuscus	0.219719582711971	0.207842166020104	0.305236578159505	0.79262404485646
s__Archangium_violaceum	-0.556972790783499	0.310281438692542	0.0904439239392941	0.644246513640031
s__Pyxidicoccus_sp._SCPEA002	-0.143641047942199	0.362583721190806	0.696915393587146	0.973900936950335
s__Myxococcus_xanthus	-0.342815513433467	0.281373954937003	0.239725307379879	0.744831515298633
s__Corallococcus_coralloides	-0.0558469351863526	0.291378200981356	0.850275446327225	0.994946230890958
s__Geoalkalibacter_subterraneus	0.037113933416452	0.101550556411318	0.719266421143529	0.973900936950335
s__Geobacter_sp._FeAm09	-0.248746160718073	0.162511085420085	0.144253703325215	0.65944550091527
s__Pelobacter_propionicus	-1.45046800216988	0.603622927402677	0.0279598488622847	0.611075087294641
s__Desulfuromonas_soudanensis	-0.0405350551728172	0.459937276987784	0.930801874035819	0.994946230890958
s__Nitrosophilus_alvini	0.141809158118689	0.221357718935146	0.530302431021936	0.910716160610122
s__Nautilia_sp._PV-1	0.553022716989862	0.215353832209081	0.0199572284817814	0.611075087294641
s__Caminibacter_mediatlanticus	0.0989597238013956	0.0943460643918997	0.308907388843107	0.79262404485646
s__Candidatus_Sulfurimonas_marisnigri	0.0844048313088498	0.0559112904821268	0.149502410044305	0.663745608974448
s__Helicobacter_pylori	1.70559464195443	1.02786273761212	0.115376435963932	0.644246513640031
s__Sulfurospirillum_cavolei	0.339574508461246	0.143315075743196	0.0299172178154668	0.611075087294641
s__Campylobacter_jejuni	-1.00001857011925	0.516929180538166	0.069867770041041	0.644246513640031
s__Poseidonibacter_lekithochrous	-0.290510440038999	0.210477270771358	0.185392526635697	0.686281276780622
s__Pseudoarcobacter_acticola	0.0613654671562328	0.0824921533457602	0.467098515200216	0.882705855496471
s__Halarcobacter_bivalviorum	-0.362531033743667	0.275062285590679	0.204989820579826	0.702822241987974
s__Arcobacter_defluvii	0.397139601310833	0.200887404110395	0.0645013267631411	0.644246513640031
s__Malaciobacter_molluscorum	0.0797451900749844	0.074871388661607	0.301727326805632	0.791415939162313
s__Aliarcobacter_lanthieri	-0.0664007984099429	0.203230889585198	0.747863473357729	0.982958505639448
s__Candidatus_Kinetoplastibacterium_crithidii	0.0254343022973143	0.112034354021741	0.823113949488066	0.993948920136532
s__Candidatus_Kinetoplastibacterium_blastocrithidii	0.346816617727494	0.148621833088882	0.0321544060254061	0.625683699408689
s__Candidatus_Kinetoplastibacterium_sorsogonicusi	-0.0470160072905683	0.185848315081632	0.803316999956208	0.993948920136532
s__Chitinibacter_fontanus	0.415837089239014	0.213028365332161	0.0676068950069639	0.644246513640031
s__Paludibacterium_yongneupense	0.339574508461246	0.143315075743196	0.0299172178154668	0.611075087294641
s__Chromobacterium_violaceum	-0.0385992711613365	0.175633032335978	0.828665839632273	0.994946230890958
s__Iodobacter_fluviatilis	-0.186715475252106	0.260713783628408	0.483608912145409	0.894536716107116
s__Vitreoscilla_sp._C1	0.0131275126574106	0.143939682072524	0.928398528263753	0.994946230890958
s__Kingella_oralis	-0.0028901891081904	0.413246136902337	0.99450116415698	0.996577367004907
s__Simonsiella_muelleri	-0.092535486199301	0.134289683375849	0.500074484851442	0.903105467725166
s__Alysiella_filiformis	0.00581063109929275	0.130677121910383	0.965051440174669	0.994946230890958
s__Neisseria_mucosa	-1.30772949280438	0.620848457559112	0.0503361519497439	0.644246513640031
s__Candidatus_Methylopumilus_universalis	0.0131275126574106	0.143939682072524	0.928398528263753	0.994946230890958
s__Candidatus_Nitrotoga_sp._AM1P	0.0131241432804812	0.255487229549804	0.959630197715	0.994946230890958
s__Nitrosomonas_eutropha	-0.363932844686832	0.328220151413384	0.282953895712865	0.780562470932042
s__Azoarcus_sp._DN11	-0.29042318920385	0.368073495343754	0.440957136841418	0.869453880841418
s__Aromatoleum_aromaticum	-0.474410556162114	0.604994503319997	0.443737882791133	0.869453880841418
s__Fluviibacter_phosphoraccumulans	-0.346101616937939	0.270512885852719	0.217933848881848	0.71250350051561
s__Turicimonas_muris	0.357336806627615	0.206128412074134	0.101092658765451	0.644246513640031
s__Sphaerotilus_natans	-0.013940942665769	0.20591699216409	0.946812955176757	0.994946230890958
s__Xylophilus_rhododendri	0.159049440859622	0.280000581615838	0.577439206445392	0.933800460419459
s__Rhizobacter_sp._AJA081-3	0.353648472188354	0.153670416622925	0.0342948984700369	0.633136587139143
s__Rhizobacter_gummiphilus	0.015091476152697	0.121726613136568	0.902786447268987	0.994946230890958
s__Methylibium_sp._Pch-M	-0.00260615236567571	0.138961327256614	0.985255300052192	0.996047372767402
s__Rubrivivax_gelatinosus	-0.118932630222057	0.423081841270501	0.782018651614172	0.985638734494452
s__Mitsuaria_sp._7	0.178786623952153	0.170363615352388	0.308666039757448	0.79262404485646
s__Thiomonas_intermedia	0.615459017278542	0.589265147583627	0.310901666309247	0.79262404485646
s__Glaciimonas_sp._PAMC28666	0.00956090612130225	0.449523330054752	0.98327873247685	0.996047372767402
s__Duganella_sp._AF9R3	0.224554544695884	0.20788886575607	0.295154913450102	0.791415939162313
s__Undibacterium_sp._KW1	-0.467351818359983	0.548658758407089	0.406160858251999	0.86119078628015
s__Massilia_oculi	0.170670152104935	0.414631772503989	0.685762036822775	0.973900936950335
s__Collimonas_arenae	0.254646057524229	0.302649867076489	0.411810133116119	0.861917211607132
s__Herbaspirillum_huttiense	-0.169547913811184	0.378717159919818	0.660029280236324	0.971371298573622
s__Bordetella_pseudohinzii	-0.518758675379196	0.525068961038906	0.337015798307494	0.823244698155711
s__Alcaligenes_faecalis	-0.545865614661298	0.341637584251662	0.128509098473563	0.644472483859724
s__Achromobacter_xylosoxidans	0.357154538983286	0.533810790898908	0.512438020375881	0.903105467725166
s__Verminephrobacter_eiseniae	0.525889432548586	0.329490838559555	0.128894496771945	0.644472483859724
s__Polaromonas_sp._JS666	0.217976032653116	0.135200149862842	0.125316798771689	0.644246513640031
s__Simplicispira_suum	-0.0968553825822995	0.215332966031676	0.658541733419483	0.971371298573622
s__Hydrogenophaga_sp._BA0156	0.0231153322686302	0.240224028597984	0.924467875040255	0.994946230890958
s__Ottowia_sp._oral_taxon_894	0.44705098757597	0.552118926711537	0.429300850914622	0.863976234802118
s__Schlegelella_thermodepolymerans	-0.271224064072581	0.257354825574494	0.306681917459697	0.79262404485646
s__Diaphorobacter_sp._HDW4B	-0.107430877593704	0.207442626305363	0.611214414711596	0.950998116893245
s__Comamonas_testosteroni	0.0254957799564957	0.375924864718775	0.94671905570697	0.994946230890958
s__Delftia_acidovorans	0.449006510880352	0.512085261831936	0.392806864928916	0.858985399388973
s__Rhodoferax_sp._AJA081-3	-0.0172491559261125	0.214945137513951	0.936976285994967	0.994946230890958
s__Acidovorax_avenae	-1.30780185627212	0.349427013327162	0.00162039290971335	0.611075087294641
s__Variovorax_paradoxus	-0.646740255998595	0.212897878480916	0.00743049680819766	0.611075087294641
s__Kinneretia_sp._DAIF2	-0.165277409999981	0.214111340761859	0.450758360020472	0.871952951209091
s__Ephemeroptericola_cinctiostellae	-0.0162489284289716	0.250391588098627	0.949015354178481	0.994946230890958
s__Chitinimonas_arctica	0.0201151765293741	0.116977413849457	0.865501151020661	0.994946230890958
s__Lautropia_mirabilis	-0.193076387248115	0.197111304050255	0.34105336801925	0.828889198224
s__Paraburkholderia_aromaticivorans	-0.521428020595435	0.323722469312476	0.125649605500984	0.644246513640031
s__Pandoraea_pnomenusa	-0.61169779425216	0.36372802864819	0.110895138838704	0.644246513640031
s__Cupriavidus_taiwanensis	0.179289148723531	0.19684606931488	0.375130420260867	0.855085219646395
s__Burkholderia_pseudomallei	-0.0558751873369088	0.322514333444263	0.864502047583649	0.994946230890958
s__Ralstonia_solanacearum	-0.0238126356152872	0.281311541900437	0.933529621571156	0.994946230890958
s__Polynucleobacter_sp._MG-Unter2-18	-0.292165528164833	0.259132707172314	0.275204523400218	0.779340243257255
s__Luteithermobacter_gelatinilyticus	-1.00741148302172	0.491512319361686	0.0561562909229429	0.644246513640031
s__Candidatus_Paracaedibacter_acanthamoebae	0.0254343022973143	0.112034354021741	0.823113949488066	0.993948920136532
s__Candidatus_Cytomitobacter_indipagum	0.188655559406286	0.206914722302675	0.374646087702047	0.855085219646395
s__endosymbiont_of_Acanthamoeba_sp._UWC8	0.190619522901572	0.192312106165267	0.335487998820244	0.821603262416923
s__Candidatus_Pelagibacter_sp._RS40	0.279778235488522	0.35652963601254	0.443412659993597	0.869453880841418
s__Candidatus_Fonsibacter_ubiquis	-0.137234435305491	0.200121713541089	0.502113302309925	0.903105467725166
s__Hyphobacterium_sp._CCMP332	0.0310857821624919	0.10689208663647	0.774711170227433	0.982958505639448
s__Marinicauda_algicola	-0.0876114370995789	0.249153599002958	0.729431809749285	0.979376975327711
s__Glycocaulis_alkaliphilus	-0.331153790707698	0.337839881331793	0.340727514745683	0.828889198224
s__Caulobacter_vibrioides	0.196465081858157	0.290494429198515	0.507939905733949	0.903105467725166
s__Asticcacaulis_excentricus	-0.215529398395925	0.206686790732305	0.311652115851893	0.79262404485646
s__Brevundimonas_sp._Bb-A	-0.14646541738612	0.222644928942009	0.519448352432695	0.904258379578747
s__Polymorphobacter_sp._PAMC_29334	0.0901035845374327	0.280253643021469	0.751745289076777	0.982958505639448
s__Sphingosinicella_microcystinivorans	0.201279622276256	0.408028792351223	0.628114154826505	0.963914751452331
s__Zymomonas_mobilis	-0.140132060979076	0.220611520293462	0.533756314371759	0.913379789299267
s__Erythrobacter_neustonensis	0.280644863652989	0.45366313052851	0.544367730583411	0.919455727093217
s__Altererythrobacter_sp._TH136	0.936542623552896	0.419461360536665	0.0393042379007727	0.644246513640031
s__Novosphingopyxis_iocasae	0.0906263665517066	0.328787657717884	0.786148604257013	0.986539424949978
s__Sphingopyxis_sp._EG6	-0.279077420439077	0.418320147969408	0.513638157747847	0.903105467725166
s__Sphingobium_yanoikuyae	0.5844688794138	0.376693072417972	0.139179708487223	0.658189754422335
s__Sphingorhabdus_sp._JK6	-0.472751073504753	0.271131496212948	0.0992794763068108	0.644246513640031
s__Sphingomonas_sp._C8-2	-0.0469433861215691	0.168000947549895	0.783291048901534	0.985638734494452
s__Candidatus_Deianiraea_vastatrix	0.00139675621505719	0.155432696883835	0.992934724727504	0.996047372767402
s__Candidatus_Phycorickettsia_trachydisci	0.182360577182825	0.1467952764204	0.230998638774269	0.734300308686419
s__Rickettsia_asiatica	0.0992780060852868	0.0563853521837833	0.096264921066859	0.644246513640031
s__Orientia_tsutsugamushi	0.244637765069437	0.195765391967535	0.228359720656545	0.730751106100945
s__Wolbachia_endosymbiont_of_Ctenocephalides_felis_wCfeT	-0.636070347508736	0.386010615053392	0.117749821467506	0.644246513640031
s__Candidatus_Neoehrlichia_mikurensis	0.0278915697573933	0.116425333640716	0.81353120544691	0.993948920136532
s__Ehrlichia_ruminantium	-0.0292140091348001	0.111193553019323	0.795915338346339	0.991022989380655
s__Rhodobacter_capsulatus	0.391961314250472	0.232958147219893	0.110738847915374	0.644246513640031
s__Rhodobaca_barguzinensis	0.314805404731904	0.12559410939835	0.0226430440636215	0.611075087294641
s__Pontivivens_sp._MT2928	0.0529081557987436	0.258748803391711	0.840408882172993	0.994946230890958
s__Paraoceanicella_profunda	-0.117303678113101	0.187778909029017	0.540468772590273	0.915079403327446
s__Haematobacter_massiliensis	0.438884595132402	0.30119410654994	0.163299432622052	0.672166421642476
s__Boseongicola_sp._CCM32	-0.138310937156071	0.159504876128443	0.397947301778196	0.86119078628015
s__Thioclava_nitratireducens	-0.017401925415801	0.153828814033088	0.911256413994789	0.994946230890958
s__Cereibacter_sphaeroides	0.0435447640072341	0.207052785419557	0.835927665970569	0.994946230890958
s__Rhodovulum_sulfidophilum	-0.0390312112131686	0.246037255258343	0.875822271099795	0.994946230890958
s__Paracoccus_jeotgali	-0.283854620122597	0.480868572979044	0.562757875239493	0.93146131074123
s__Oceanicola_sp._D3	0.357336806627615	0.206128412074134	0.101092658765451	0.644246513640031
s__Dinoroseobacter_shibae	0.399260638179578	0.238660496596506	0.112643073370335	0.644246513640031
s__Octadecabacter_temperatus	-0.243600702677043	0.190836785831716	0.218946388179276	0.71250350051561
s__Salipiger_pacificus	0.0254343022973143	0.112034354021741	0.823113949488066	0.993948920136532
s__Sulfitobacter_sp._D7	-0.145952430766435	0.166322353110994	0.392433324060329	0.858985399388973
s__Roseovarius_indicus	0.58283106039612	0.285788745501557	0.0572693540433193	0.644246513640031
s__Roseivivax_sp._THAF30	-0.557370220778455	0.333973546038785	0.113446931205272	0.644246513640031
s__Phaeobacter_inhibens	-0.0327434559854493	0.463522016056256	0.94450818596075	0.994946230890958
s__Mameliella_alba	-0.0941846845084521	0.205309564583772	0.652228156883692	0.971371298573622
s__Candidatus_Hodgkinia_cicadicola	-0.188805120406838	0.242266614730107	0.446500795057103	0.869453880841418
s__Devosia_sp._A16	-0.0416407527353231	0.303168569277775	0.89236636945149	0.994946230890958
s__Aureimonas_populi	-0.0139235827610152	0.150303263983508	0.927275215740998	0.994946230890958
s__Hyphomicrobium_denitrificans	0.0254343022973143	0.112034354021741	0.823113949488066	0.993948920136532
s__Methyloligella_sp._GL2	0.182366499722714	0.157569025964075	0.263122764411011	0.768041251571573
s__Labrenzia_sp._CP4	-0.166352366687166	0.221573547529414	0.463053125706117	0.881843818707262
s__Stappia_indica	-0.303025034570895	0.215825099858467	0.17831497793467	0.684091494496262
s__Pannonibacter_phragmitetus	1.29941621746331	0.491566081619559	0.0170723821192794	0.611075087294641
s__Bosea_sp._Tri-49	-0.032254756434441	0.238764747962104	0.894127243030891	0.994946230890958
s__Microvirga_ossetica	0.206296401533978	0.141704216963792	0.163660873793699	0.672166421642476
s__Methylorubrum_extorquens	0.819627432894556	0.421595254559373	0.0686220749354639	0.644246513640031
s__Methylobacterium_radiodurans	-0.461261336095892	0.401585815932909	0.266626622600407	0.768727295276795
s__Phyllobacterium_sp._628	0.224978162569668	0.181094155168504	0.23098109183275	0.734300308686419
s__Mesorhizobium_sp._M8A.F.Ca.ET.057.01.1.1	0.0655752073819409	0.65309304576933	0.921195740812452	0.994946230890958
s__Bartonella_australis	-0.0189214454705685	0.380014876127455	0.96086901360204	0.994946230890958
s__Chelatococcus_sp._CO-6	-0.111871961551146	0.205798622739623	0.593775031373463	0.936089543263765
s__Xanthobacter_sp._YN2	-0.268931367477782	0.291223406528928	0.368692988583333	0.853573360149475
s__Labrys_sp._KNU-23	-0.204007571441353	0.220355257014518	0.367500724400887	0.853573360149475
s__Brucella_pseudogrignonensis	-0.374052374244346	0.211531138027751	0.0949490623044772	0.644246513640031
s__Shinella_sp._HZN7	-0.404393265234679	0.279473518569014	0.166090195708289	0.672770412995602
s__Liberibacter_crescens	-0.0207514797177325	0.15723940322949	0.896554422243325	0.994946230890958
s__Sinorhizobium_fredii	-0.254795759012678	0.564662493942145	0.657522880663777	0.971371298573622
s__Neorhizobium_sp._SOG26	0.235125467616822	0.152771381944588	0.142193355499492	0.65944550091527
s__Ensifer_alkalisoli	-0.258071585993523	0.52382905282612	0.628552744176207	0.963914751452331
s__Agrobacterium_larrymoorei	-0.0540088561200284	0.520283609708073	0.918537674185196	0.994946230890958
s__Rhizobium_leguminosarum	-0.224756771184768	0.492368685445174	0.653822571701639	0.971371298573622
s__Rhodopseudomonas_palustris	-0.511364724408879	0.392867437943203	0.210409059116259	0.705511347265381
s__Bradyrhizobium_erythrophlei	-0.0908264323878052	0.221432443957651	0.68679923534697	0.973900936950335
s__Elioraea_sp._MS-P2	0.0196174053518575	0.137702283841977	0.888389566507046	0.994946230890958
s__Thalassospira_marina	0.0130077072917266	0.228709553161904	0.95530842506749	0.994946230890958
s__Tistrella_mobilis	0.0254343022973143	0.112034354021741	0.823113949488066	0.993948920136532
s__Hypericibacter_adhaerens	0.587733485768492	0.228973681280087	0.0200048328415481	0.611075087294641
s__Candidatus_Endolissoclinum_faulkneri	-0.151158891363347	0.194468456699485	0.447668470105411	0.869963018828329
s__Niveispirillum_cyanobacteriorum	0.335513079751488	0.192674075436611	0.0996866142034179	0.644246513640031
s__Azospirillum_sp._TSH58	0.374902049075551	0.390939635196761	0.351011753900614	0.842428209361474
s__Entomobacter_blattae	0.314805404731904	0.12559410939835	0.0226430440636215	0.611075087294641
s__Bombella_sp._KACC_21507	0.0310857821624919	0.10689208663647	0.774711170227433	0.982958505639448
s__Komagataeibacter_oboediens	0.0298163920091299	0.284003762817668	0.917615761646074	0.994946230890958
s__Lichenicola_cladoniae	-0.964751948487114	0.373144594508079	0.0192497626904558	0.611075087294641
s__Roseomonas_sp._1318	0.776537626904402	0.451122141828264	0.103333527420926	0.644246513640031
s__Acetobacter_pasteurianus	0.0716037941044805	0.294871724758281	0.811042491385149	0.993948920136532
s__Granulibacter_bethesdensis	-0.270043652003084	0.251933239932638	0.298753068728634	0.791415939162313
s__Solimonas_sp._K1W22B-7	0.323639031509828	0.131828305275097	0.0251555968740962	0.611075087294641
s__Methylococcus_sp._EFPC2	0.145381362804383	0.243644523359416	0.55857470978304	0.927585626086384
s__Methylomicrobium_sp._wino1	0.037113933416452	0.101550556411318	0.719266421143529	0.973900936950335
s__Candidatus_Thioglobus_autotrophicus	0.314805404731904	0.12559410939835	0.0226430440636215	0.611075087294641
s__Candidatus_Thioglobus_sp._NP1	0.20554408594038	0.169878027722297	0.242854222557526	0.745082708713834
s__Candidatus_Ruthia_endofausta	0.137602725506771	0.295597067403875	0.647475902216766	0.971371298573622
s__Bathymodiolus_thermophilus_thioautotrophic_gill_symbiont	-0.100257178933433	0.209108819154384	0.637728518190791	0.968701546618922
s__Candidatus_Reidiella_endopervernicosa	0.286216239786411	0.198679738418954	0.167864649657244	0.674268048832446
s__Allochromatium_tepidum	0.0310857821624919	0.10689208663647	0.774711170227433	0.982958505639448
s__Rheinheimera_sp._LHK132	-0.167088451993854	0.379186427833826	0.665018609737285	0.971371298573622
s__Wenzhouxiangella_sp._AB-CW3	-0.0116908486160543	0.409442573628135	0.977553553069975	0.995226878416104
s__Succinivibrio_dextrinosolvens	0.0201151765293741	0.116977413849457	0.865501151020661	0.994946230890958
s__Zobellella_denitrificans	0.0131275126574106	0.143939682072524	0.928398528263753	0.994946230890958
s__Oceanisphaera_profunda	-0.00394354520870679	0.160744644398351	0.98071315310587	0.995226878416104
s__Dongshaea_marina	0.0310857821624919	0.10689208663647	0.774711170227433	0.982958505639448
s__Aeromonas_caviae	0.0348379364483176	0.607761965151677	0.954957322208506	0.994946230890958
s__Zhongshania_aliphaticivorans	-0.135079106902565	0.201559535115914	0.511751332066475	0.903105467725166
s__Agarilytica_rhodophyticola	0.47135256060013	0.252112911674823	0.0788627374601175	0.644246513640031
s__Cellvibrio_japonicus	0.3904056707819	0.439927982316936	0.387230168616948	0.857697710693255
s__Microbulbifer_hydrolyticus	-0.521995602914869	0.22433348298278	0.0325876926775359	0.625683699408689
s__Frischella_perrara	0.104964317867938	0.218292433815771	0.63675840298168	0.968701546618922
s__Gilliamella_apicola	-0.181574849226148	0.247245880335846	0.472720158298176	0.886350296809081
s__Thiothrix_sp.	0.441141076648416	0.313123773679631	0.176910991254109	0.684091494496262
s__Hydrogenovibrio_crunogenus	0.0254343022973143	0.112034354021741	0.823113949488066	0.993948920136532
s__Thiosulfativibrio_zosterae	0.277961314969776	0.182633368425594	0.146401529392754	0.663525552995889
s__Thiomicrorhabdus_indica	-0.0376589841142633	0.398682111643347	0.925849238269723	0.994946230890958
s__Piscirickettsia_salmonis	0.095077099335516	0.104183866084221	0.374219381992113	0.855085219646395
s__Allofrancisella_guangzhouensis	0.0223851678434117	0.189759828786767	0.907477382641461	0.994946230890958
s__Francisella_philomiragia	0.0830038134736238	0.054053443508913	0.143041162291746	0.65944550091527
s__Endozoicomonas_montiporae	0.217976032653116	0.135200149862842	0.125316798771689	0.644246513640031
s__Spartinivicinus_ruber	0.0310857821624919	0.10689208663647	0.774711170227433	0.982958505639448
s__Oleiphilus_messinensis	0.0749972332790994	0.221463444318528	0.73902472608411	0.980985128642593
s__Kangiella_geojedonensis	0.160894182165122	0.232670929561084	0.498581104973113	0.903105467725166
s__Alcanivorax_sp._N3-2A	-0.595800410906938	0.24333468835796	0.0254918098729875	0.611075087294641
s__Neptunomonas_japonica	-0.0344646624110013	0.191824228048304	0.859537415009104	0.994946230890958
s__Marinomonas_foliarum	-0.70645303213682	0.408809517070322	0.102094391173399	0.644246513640031
s__Halotalea_alkalilenta	0.0131275126574106	0.143939682072524	0.928398528263753	0.994946230890958
s__Kushneria_marisflavi	0.36413676490479	0.219470704815197	0.115417461766754	0.644246513640031
s__Candidatus_Portiera_aleyrodidarum	0.62233365005482	0.409461965993064	0.146920796950932	0.663525552995889
s__Candidatus_Carsonella_ruddii	-0.250042437787389	0.234075255001877	0.300358792418348	0.791415939162313
s__Halomonas_elongata	0.810801606072715	0.661750259408462	0.237190912390371	0.741704481741875
s__Salinivibrio_kushneri	-0.344741600676844	0.271301714670833	0.220951918101106	0.715432715310662
s__Paraphotobacterium_marinum	0.0983687033705171	0.180986227724091	0.593831804007951	0.936089543263765
s__Grimontia_hollisae	0.447858439645576	0.416817054363765	0.297625656941066	0.791415939162313
s__Aliivibrio_fischeri	-0.172957040652909	0.367675754670671	0.644043415694985	0.969093540857657
s__Photobacterium_damselae	-0.250861526887035	0.17991981032087	0.181184696276716	0.684249075205852
s__Vibrio_parahaemolyticus	-0.401051753067262	0.234991602914274	0.106083368968409	0.644246513640031
s__Idiomarina_sp._OT37-5b	0.037113933416452	0.101550556411318	0.719266421143529	0.973900936950335
s__Moritella_marina	-0.467769125171801	0.348589025554727	0.197280331613969	0.696626243493748
s__Glaciecola_amylolytica	0.0310857821624919	0.10689208663647	0.774711170227433	0.982958505639448
s__Catenovulum_sp._CCB-QB4	0.0451817680079151	0.171507136109514	0.795378333698879	0.991022989380655
s__Marinobacter_salsuginis	0.24459840340624	0.358247232077627	0.503954579489869	0.903105467725166
s__Alteromonas_macleodii	0.0180387883451112	0.301154259963932	0.952934734820181	0.994946230890958
s__Paraglaciecola_sp._L1A13	0.418689347336987	0.161703646994964	0.0191002541547171	0.611075087294641
s__Thalassotalea_crassostreae	0.00707214748276816	0.149840035386277	0.962905476730935	0.994946230890958
s__Cognaticolwellia_beringensis	-0.126605300952497	0.15542411567261	0.4265774888449	0.861917211607132
s__Colwellia_sp._20A7	-0.843885429009097	0.428790171410583	0.0655919849597024	0.644246513640031
s__Parashewanella_spongiae	0.372990821504929	0.174123525200979	0.0469578756174873	0.644246513640031
s__Shewanella_putrefaciens	-0.685064699579215	0.345545794344431	0.0638169070330322	0.644246513640031
s__Flocculibacter_collagenilyticus	0.0131275126574106	0.143939682072524	0.928398528263753	0.994946230890958
s__Psychrosphaera_aestuarii	-0.00394354520870679	0.160744644398351	0.98071315310587	0.995226878416104
s__Pseudoalteromonas_arabiensis	0.17887084040403	0.400113781038675	0.660482265019616	0.971371298573622
s__Luteibacter_pinisoli	-0.504817701670503	0.386192887515107	0.20856201689025	0.705511347265381
s__Rhodanobacter_denitrificans	0.302979368945082	0.352831358092601	0.402447198032192	0.86119078628015
s__Dyella_japonica	-0.121264999528733	0.151122883805259	0.433381512368672	0.863976234802118
s__Dokdonella_koreensis	-0.136620520169792	0.221316219716403	0.545211314492197	0.919455727093217
s__Arenimonas_daejeonensis	-0.184385155227072	0.241101897111267	0.454900151034909	0.874320249814194
s__Xylella_fastidiosa	0.217976032653116	0.135200149862842	0.125316798771689	0.644246513640031
s__Pseudolysobacter_antarcticus	0.0310857821624919	0.10689208663647	0.774711170227433	0.982958505639448
s__Pseudoxanthomonas_suwonensis	0.0310857821624919	0.10689208663647	0.774711170227433	0.982958505639448
s__Thermomonas_brevis	-0.414786889066702	0.491201173298748	0.410153664898828	0.861917211607132
s__Lysobacter_enzymogenes	-0.515703084746978	0.461410111602992	0.279255813494382	0.77959033130752
s__Xanthomonas_sacchari	-0.135993869462207	0.549492488022921	0.807493426102394	0.993948920136532
s__Stenotrophomonas_maltophilia	0.614461910297068	0.684156232062978	0.381660212501313	0.855085219646395
s__Rodentibacter_heylii	0.0131275126574106	0.143939682072524	0.928398528263753	0.994946230890958
s__Avibacterium_paragallinarum	0.0310857821624919	0.10689208663647	0.774711170227433	0.982958505639448
s__Actinobacillus_porcitonsillarum	0.0401895971889906	0.311113338236415	0.898731350200906	0.994946230890958
s__Histophilus_somni	-0.2757311818157	0.329221457480751	0.413917635586868	0.861917211607132
s__Bisgaardia_hudsonensis	-1.02005754677246	0.449610048764039	0.0365947310047753	0.644246513640031
s__Mannheimia_sp._USDA-ARS-USMARC-1261	0.0601088623478273	0.110559840483228	0.593722512625181	0.936089543263765
s__Aggregatibacter_segnis	-0.418410094959268	0.184412019556762	0.0365855120848041	0.644246513640031
s__Pasteurella_multocida	-0.0928001498792478	0.234620793683505	0.697369417707934	0.973900936950335
s__Haemophilus_parainfluenzae	-0.707935914274168	0.434999724883661	0.122034492947269	0.644246513640031
s__Glaesserella_sp._15-184	-0.223114187109432	0.220087144584175	0.32491219566874	0.810630148001098
s__Candidatus_Coxiella_mudrowiae	0.223657090806187	0.174326441210249	0.216715873422249	0.712490542758078
s__Candidatus_Rickettsiella_viridis	-0.74446701311018	0.479611956251949	0.139024782699176	0.658189754422335
s__Fluoribacter_dumoffii	0.0910117968894426	0.198015809948008	0.651613073467497	0.971371298573622
s__Legionella_pneumophila	-0.306564857188758	0.223161304953039	0.1873685681456	0.686281276780622
s__Psychrobacter_sp._DAB_AL43B	-0.308861383599862	0.489902097860692	0.536780434250685	0.9141443737853
s__Moraxella_osloensis	-0.0680441883974314	0.221872635413168	0.762810488017928	0.982958505639448
s__Acinetobacter_baumannii	0.0414598759685645	0.215125737085399	0.849458802079398	0.994946230890958
s__Entomomonas_sp._F2A	0.299876607251745	0.252606067770901	0.251499972065232	0.756865119694743
s__Pseudomonas_aeruginosa	-0.0106850699513365	0.234715846657218	0.964220587490706	0.994946230890958
s__Plesiomonas_shigelloides	-0.155265511605306	0.173709972712894	0.383897635070413	0.855085219646395
s__Limnobaculum_parvum	0.173425228673797	0.171581322838348	0.326308472905639	0.81066133933583
s__Pragia_fontium	-0.209158924318347	0.44243775140933	0.642409771591325	0.968985534054173
s__Brenneria_izadpanahii	-0.659822224393784	0.485490264236089	0.191878437401723	0.689899999646644
s__Pectobacterium_parmentieri	-0.32803492975609	0.453264350749251	0.479081009418129	0.893044211730882
s__Dickeya_zeae	-0.305626732897308	0.525054058171457	0.568148648275841	0.933800460419459
s__Edwardsiella_tarda	0.0758411768825071	0.0943166851434767	0.432433779460798	0.863976234802118
s__Hafnia_alvei	-0.588228422327432	0.411487012529394	0.170975315914793	0.681520147403624
s__Yersinia_frederiksenii	0.0816421068516095	0.415186303193372	0.846441148819305	0.994946230890958
s__Serratia_marcescens	-0.485300030114392	0.521515634866389	0.365109860959478	0.853573360149475
s__Xenorhabdus_bovienii	-0.140960966175224	0.167487680311552	0.411684009801623	0.861917211607132
s__Arsenophonus_nasoniae	0.034588818991383	0.301980752152891	0.910151835608346	0.994946230890958
s__Morganella_morganii	0.063890477872418	0.101711805185435	0.538252388175028	0.9141443737853
s__Photorhabdus_asymbiotica	-0.0670286190836528	0.0832454582511523	0.431826918276737	0.863976234802118
s__Providencia_rettgeri	0.182899709101546	0.377160732897101	0.633909782548419	0.968701546618922
s__Proteus_mirabilis	-0.447862925362807	0.320830317177736	0.180694701748475	0.684249075205852
s__Mixta_calida	0.0131275126574106	0.143939682072524	0.928398528263753	0.994946230890958
s__Pantoea_vagans	0.238397388547333	0.315318301014143	0.459966549604382	0.881373029182049
s__Candidatus_Erwinia_haradaeae	0.015104115000468	0.375856198230228	0.968413110291574	0.994946230890958
s__Buchnera_aphidicola	-0.279295694603124	0.210560729762099	0.202239562604543	0.702340781936509
s__Enterobacteriaceae_endosymbiont_of_Donacia_provostii	-0.00394354520870679	0.160744644398351	0.98071315310587	0.995226878416104
s__Enterobacteriaceae_endosymbiont_of_Donacia_fulgens	-0.022619307911179	0.179636220145282	0.901274576541068	0.994946230890958
s__Shimwellia_blattae	0.236954544212254	0.181874417911169	0.209999608615584	0.705511347265381
s__Shigella_flexneri	0.397676504262516	0.186965281245345	0.0483585572854529	0.644246513640031
s__Enterobacteriaceae_endosymbiont_of_Donacia_clavipes	0.422584548683056	0.206221027330022	0.0562029951276531	0.644246513640031
s__Candidatus_Hamiltonella_defensa	0.372090204384279	0.16747457203901	0.040164101908951	0.644246513640031
s__Cronobacter_sakazakii	0.313441128724261	0.385459378692763	0.427367284088536	0.861917211607132
s__Kosakonia_sp._MUSA4	0.468011715540805	0.300087055069125	0.137279019837496	0.658189754422335
s__Buttiauxella_sp._3AFRM03	0.219945319518095	0.405954652056518	0.594988518217262	0.936375372932085
s__Candidatus_Purcelliella_pentastirinorum	0.220178556809446	0.143406379390219	0.143100008260087	0.65944550091527
s__secondary_endosymbiont_of_Heteropsylla_cubana	0.0810247238783449	0.152795384021915	0.602774520518595	0.940916324711953
s__Blochmannia_endosymbiont_of_Polyrhachis_(Hedomyrma)_turneri	-0.0449460363517874	0.295850259038473	0.881037188743016	0.994946230890958
s__Enterobacteriaceae_endosymbiont_of_Donacia_crassipes	0.236305842212505	0.159954798420213	0.157873892953125	0.672166421642476
s__Enterobacteriaceae_endosymbiont_of_Neohaemonia_nigricornis	0.037113933416452	0.101550556411318	0.719266421143529	0.973900936950335
s__Enterobacteriaceae_endosymbiont_of_Macroplea_mutica	0.181332449780678	0.282816139505329	0.529963874358983	0.910716160610122
s__Enterobacteriaceae_endosymbiont_of_Donacia_proxima	0.0103321047240854	0.126290054201621	0.93575134744701	0.994946230890958
s__Enterobacteriaceae_endosymbiont_of_Plateumaris_rustica	-0.313744503115605	0.201450665791929	0.137789651801536	0.658189754422335
s__Enterobacteriaceae_endosymbiont_of_Donacia_sparganii	-0.105440049241677	0.390207870333835	0.790247808231967	0.987683915737235
s__Pluralibacter_gergoviae	-0.829841731116328	0.443491434928946	0.078636962577672	0.644246513640031
s__Kluyvera_intermedia	-0.177637841073281	0.238427289012651	0.466423866888169	0.882705855496471
s__Lelliottia_amnigena	-1.17858972637506	0.389500536474208	0.00762168416455833	0.611075087294641
s__Candidatus_Profftia_tarda	0.236444323289585	0.157923537988133	0.152675747346672	0.672166421642476
s__Leclercia_adecarboxylata	0.163466538345475	0.0920920369570516	0.0937981914400101	0.644246513640031
s__Candidatus_Tachikawaea_gelatinosa	0.310185629871579	0.192000282645978	0.124597379019262	0.644246513640031
s__Candidatus_Gullanella_endobia	-0.169648967510412	0.205879659875506	0.421339222727651	0.861917211607132
s__Cedecea_neteri	0.0305719391094324	0.337351317636726	0.928851022853137	0.994946230890958
s__Enterobacteriaceae_endosymbiont_of_Donacia_marginata	-0.2660670668032	0.274793008772817	0.346496264812073	0.839269887242619
s__Enterobacteriaceae_endosymbiont_of_Donacia_bicoloricornis	-0.538688900357551	0.24697102683205	0.0435033648686885	0.644246513640031
s__Enterobacter_cloacae	0.458808587186905	0.560642109128019	0.424473362690412	0.861917211607132
s__Citrobacter_freundii	-0.215005084305986	0.230117372309123	0.363217333281822	0.853573360149475
s__Escherichia_coli	-0.148894307109635	0.272451211616355	0.591824243544373	0.936089543263765
s__Salmonella_enterica	-0.369444307070095	0.178195882119201	0.0536617477539968	0.644246513640031
s__Klebsiella_sp._LY	-0.12871243701501	0.19769908251322	0.523716311506024	0.904258379578747
s__Fimbriimonas_ginsengisoli	-0.11046216693178	0.292949923772694	0.710788363537868	0.973900936950335
s__Deinococcus_ficus	0.229741211943936	0.276219965832024	0.417090305768977	0.861917211607132
s__Thermus_thermophilus	0.0913600439453768	0.314211741710789	0.774752631465965	0.982958505639448
s__Meiothermus_ruber	-0.20327019013002	0.28491782780907	0.485256732787702	0.895858583608065
s__Ktedonosporobacter_rubrisoli	0.070567705341049	0.154503805241461	0.65364149121413	0.971371298573622
s__Pelolinea_submarina	0.187119948611437	0.143481276778981	0.209567644046185	0.705511347265381
s__Chloroflexus_aggregans	0.037113933416452	0.101550556411318	0.719266421143529	0.973900936950335
s__Roseiflexus_castenholzii	0.0462750389651683	0.22392331409745	0.838733641620848	0.994946230890958
s__Candidatus_Promineofilum_breve	0.23426263011232	0.269088139111683	0.396111148174175	0.860531414663035
s__Dehalogenimonas_lykanthroporepellens	-0.308800193820373	0.333862873833832	0.367945774012857	0.853573360149475
s__Dehalococcoides_mccartyi	0.141001628334077	0.0915142363123684	0.141782089976039	0.65944550091527
s__Candidatus_Izimaplasma_sp._HR1	0.0310857821624919	0.10689208663647	0.774711170227433	0.982958505639448
s__Candidatus_Phytoplasma_australiense	-0.412912429638795	0.252726529275715	0.120675792377317	0.644246513640031
s__Acholeplasma_palmae	-0.221895021989813	0.28431181941393	0.445850019953948	0.869453880841418
s__Ureaplasma_urealyticum	-0.381858938895889	0.217403198981336	0.097007464622433	0.644246513640031
s__Mycoplasmopsis_felis	-0.0357888092487573	0.171703878553427	0.83736750624804	0.994946230890958
s__Mycoplasma_mycoides	0.440333761145941	0.363986313459026	0.242928008153573	0.745082708713834
s__Entomoplasma_luminosum	-0.313516011117416	0.213695190788326	0.160600327501461	0.672166421642476
s__Mesoplasma_florum	0.238055183254803	0.308175133252614	0.450444462828395	0.871952951209091
s__Spiroplasma_cantharicola	0.0318791034180544	0.0913801789818852	0.731476109037754	0.979382238042181
s__Chroococcidiopsis_thermalis	0.00707214748276816	0.149840035386277	0.962905476730935	0.994946230890958
s__cyanobacterium_endosymbiont_of_Epithemia_turgida	0.0993298823423105	0.236705038637806	0.680006906802564	0.973043553648879
s__cyanobacterium_endosymbiont_of_Rhopalodia_gibberula	-0.135953963054808	0.20139429884755	0.508713610535008	0.903105467725166
s__Pleurocapsa_sp._PCC_7327	0.0254343022973143	0.112034354021741	0.823113949488066	0.993948920136532
s__Stanieria_sp._NIES-3757	0.311233595008418	0.167546032285796	0.0806346911818645	0.644246513640031
s__Stanieria_cyanosphaera	0.477481666688954	0.559726892530783	0.405484350120638	0.86119078628015
s__Geitlerinema_sp._PCC_7407	0.331869706920118	0.137726002472929	0.0275831966585717	0.611075087294641
s__[Phormidium]_sp._ETS-05	-0.0380233467858748	0.32480416198684	0.908180110083323	0.994946230890958
s__Crinalium_epipsammum	0.141029036919446	0.0949304653087377	0.155692621777357	0.672166421642476
s__Oscillatoria_nigro-viridis	0.0201151765293741	0.116977413849457	0.865501151020661	0.994946230890958
s__Oscillatoria_acuminata	0.209207951176328	0.149642508674573	0.180073208785615	0.684249075205852
s__Moorea_producens	-0.687457008241454	0.472513085576708	0.163914701953076	0.672166421642476
s__Planktothrix_rubescens	-0.02492937005912	0.230923195187105	0.915295102833764	0.994946230890958
s__Oxynema_sp._AP17	-0.0937086263945502	0.183218730436945	0.615609582133325	0.953201933625793
s__Microcoleus_sp._PCC_7113	0.398176967075886	0.36309656027107	0.288101715331765	0.786577012762078
s__Trichodesmium_erythraeum	-0.333051646300653	0.463739710856936	0.482396634951012	0.894483723066304
s__Cyanobacterium_aponinum	0.254939888988358	0.190783231116146	0.199069930857887	0.696626243493748
s__Crocosphaera_subtropica	-0.00394354520870679	0.160744644398351	0.98071315310587	0.995226878416104
s__Euhalothece_natronophila	-0.0860455935048544	0.129053891314089	0.513885429779046	0.903105467725166
s__Rippkaea_orientalis	0.0254343022973143	0.112034354021741	0.823113949488066	0.993948920136532
s__Candidatus_Atelocyanobacterium_thalassa	-0.115945873760793	0.148729729498281	0.446359534088474	0.869453880841418
s__Gloeothece_citriformis	0.47218422997314	0.21893537099317	0.0456366451345108	0.644246513640031
s__Gloeothece_verrucosa	0.33866890839666	0.171822901936468	0.0652243496158599	0.644246513640031
s__Microcystis_aeruginosa	-0.412460085493727	0.459481273831846	0.381901854408071	0.855085219646395
s__Chondrocystis_sp._NIES-4102	0.0848078384728929	0.094355912778829	0.381309661268611	0.855085219646395
s__Geminocystis_herdmanii	0.031966356492163	0.186569913427408	0.865981575539329	0.994946230890958
s__Geminocystis_sp._NIES-3709	0.0345629585860987	0.273745013505188	0.901007635850994	0.994946230890958
s__Geminocystis_sp._NIES-3708	0.155046794494264	0.104490664988364	0.15615700180686	0.672166421642476
s__Gloeocapsa_sp._PCC_7428	-0.22248644866385	0.396125502917046	0.581679870136288	0.933800460419459
s__Pseudanabaena_sp._ABRG5-3	0.214527076944268	0.146524730610387	0.161413073958434	0.672166421642476
s__Pseudanabaena_sp._PCC_7367	-0.175387200889545	0.233625407487721	0.463086818954624	0.881843818707262
s__Acaryochloris_marina	-0.428992600757413	0.383347385613811	0.278673698624647	0.77959033130752
s__Thermoleptolyngbya_sp._PKUAC-SCTB121	-0.0885367444502663	0.541915404328466	0.872147797897844	0.994946230890958
s__Cyanobium_sp._NIES-981	-0.15104303870621	0.330318741099442	0.65327036022909	0.971371298573622
s__Thermosynechococcus_elongatus	-0.140553929906749	0.206778346050775	0.505825250894204	0.903105467725166
s__Synechococcus_sp._Minos11	-0.0396910075102306	0.233038234183942	0.866769264335207	0.994946230890958
s__Synechococcus_elongatus	-0.337714033300442	0.387995734910152	0.396203005501106	0.860531414663035
s__Synechococcus_sp._PCC_7002	-0.371215237696524	0.657039797627925	0.57946653420278	0.933800460419459
s__Synechococcus_sp._RS9909	0.015091476152697	0.121726613136568	0.902786447268987	0.994946230890958
s__Synechococcus_sp._PROS-U-1	0.0201151765293741	0.116977413849457	0.865501151020661	0.994946230890958
s__Synechococcus_sp._NIES-970	0.0201151765293741	0.116977413849457	0.865501151020661	0.994946230890958
s__Synechococcus_sp._BIOS-E4-1	0.243946987191785	0.387907419193183	0.537787312905184	0.9141443737853
s__Synechococcus_sp._WH_8109	-0.574234496912459	0.415345044043713	0.184697774480742	0.686281276780622
s__Synechococcus_sp._PCC_7003	-0.138511544167999	0.350928145416902	0.697971848598977	0.973900936950335
s__Leptolyngbya_boryana	0.0201151765293741	0.116977413849457	0.865501151020661	0.994946230890958
s__Leptolyngbya_sp._15MV	-0.310718241170957	0.350376199157713	0.387553334123094	0.857697710693255
s__Leptolyngbya_sp._7M	-0.123071398766146	0.202989030730507	0.552329141770247	0.922149523651195
s__Prochlorococcus_sp._MIT_0801	0.160071021113664	0.31732996984315	0.620433958456703	0.959124959933067
s__Prochlorococcus_marinus	-0.296126787721252	0.215987050052252	0.188192247588686	0.686281276780622
s__Chamaesiphon_minutus	-0.114312497803144	0.202977889037154	0.580667072470357	0.933800460419459
s__Brasilonema_sennae	0.0847214357148715	0.201966699147157	0.680116900519164	0.973043553648879
s__Scytonema_sp._HK-05	-0.0103745838498506	0.320202491526696	0.974530373428875	0.995226878416104
s__Scytonema_sp._NIES-4073	-0.54417825239377	0.663269931063919	0.423316588086397	0.861917211607132
s__Nodularia_spumigena	0.350570158351804	0.20421131693176	0.104196508159296	0.644246513640031
s__Sphaerospermopsis_kisseleviana	-0.126334696791142	0.290873157100287	0.669511871770182	0.971371298573622
s__Fischerella_sp._NIES-3754	0.0292092374631543	0.348288575320611	0.934143395693396	0.994946230890958
s__Fischerella_sp._NIES-4106	-0.364796079970389	0.344266465370038	0.30413570471216	0.79262404485646
s__Tolypothrix_sp._PCC_7910	0.427319890182983	0.269617371675983	0.131411038661854	0.651712601071651
s__Microchaete_diplosiphon	0.498132053031532	0.265697479191158	0.0781061774310994	0.644246513640031
s__Rivularia_sp._PCC_7116	0.53252478459303	0.311195351440387	0.105222785203291	0.644246513640031
s__Calothrix_sp._NIES-2098	0.273140568893082	0.304545280376121	0.382308638862446	0.855085219646395
s__Calothrix_sp._PCC_7507	0.283242762605406	0.245629929878578	0.264814223198115	0.768041251571573
s__Calothrix_sp._NIES-2100	-0.00365686956563494	0.235724782830989	0.987803286350002	0.996047372767402
s__Calothrix_brevissima	-0.671101281596309	0.55084345378647	0.239742643986748	0.744831515298633
s__Calothrix_parasitica	-0.398545780972896	0.349368940634313	0.269786651599023	0.773119956821082
s__Calothrix_sp._PCC_6303	0.11866481229329	0.0672223620903921	0.0954751582124012	0.644246513640031
s__Calothrix_sp._336/3	-0.150635488822451	0.233557801663373	0.527561766391192	0.909262649435448
s__Cylindrospermum_stagnale	0.0908474138581463	0.247993799931939	0.718638616812341	0.973900936950335
s__Trichormus_azollae	0.294782828171999	0.192222536503736	0.143539711035226	0.65944550091527
s__Anabaena_cylindrica	0.139621451849799	0.241193037710457	0.570262352356496	0.933800460419459
s__Anabaena_sp._90	-0.152109217485434	0.297149652067749	0.615310396867744	0.953201933625793
s__Anabaena_sp._WA102	-0.0301147569335064	0.166846335801768	0.858898995691043	0.994946230890958
s__Richelia_sinica	-0.168619944288528	0.295947840677657	0.576291451815109	0.933800460419459
s__Nostoc_sp._C052	0.0937452915587151	0.16542210632616	0.57832180577675	0.933800460419459
s__Nostoc_sp._UHCC_0702	0.0514151638210409	0.152313702595253	0.739826284517956	0.980985128642593
s__Nostoc_sp._TCL26-01	0.0697754597552866	0.158104414562533	0.6645393174901	0.971371298573622
s__Nostoc_sp._ATCC_53789	0.189133023535232	0.45564037169063	0.683265613227708	0.973900936950335
s__Nostoc_sp._PCC_7524	-0.549075868210719	0.373869138932967	0.160193808546853	0.672166421642476
s__Nostoc_sp._PCC_7107	0.621811480643087	0.531614781078431	0.258274029042548	0.765027781166932
s__Nostoc_linckia	0.158800265148488	0.155579829402726	0.321703529749282	0.806358716865041
s__Nostoc_punctiforme	-0.302281608283389	0.231059398846738	0.208204532507176	0.705511347265381
s__Nostoc_sphaeroides	-0.193681798172048	0.237875182791261	0.426779974768076	0.861917211607132
s__Nostoc_edaphicum	0.0594276390126873	0.0793049264252534	0.463886592132466	0.881843818707262
s__Nostoc_flagelliforme	0.558887618514682	0.473032492831346	0.253669417663	0.760818919474357
s__Nostoc_sp._Peltigera_membranacea_cyanobiont_N6	0.186762845392428	0.38739629391391	0.635884917613024	0.968701546618922
s__Nostoc_sp._NIES-4103	-1.26993042895325	0.39745134183182	0.00530220460435433	0.611075087294641
s__Nostoc_sp._Lobaria_pulmonaria_(5183)_cyanobiont	0.0758863893178577	0.160792659315203	0.642962276242196	0.968985534054173
s__Nostoc_sp._CENA543	-0.214553327921649	0.20556471942662	0.311227626417675	0.79262404485646
s__Nostoc_sp._NIES-3756	-0.132217090245487	0.196124481711457	0.509280652226658	0.903105467725166
s__Aquihabitans_sp._G128	-0.139420127812911	0.20989208440084	0.515441672329618	0.903105467725166
s__Rubrobacter_sp._SCSIO_52915	-0.125765679286982	0.151514989901921	0.418012604204216	0.861917211607132
s__Olsenella_uli	0.037113933416452	0.101550556411318	0.719266421143529	0.973900936950335
s__Arabia_massiliensis	0.0254343022973143	0.112034354021741	0.823113949488066	0.993948920136532
s__Euzebya_pacifica	0.037113933416452	0.101550556411318	0.719266421143529	0.973900936950335
s__Egibacter_rhizosphaerae	0.198266016258399	0.148539689409832	0.19955439266748	0.696626243493748
s__Miltoncostaea_oceani	-0.00475503727195607	0.439951596758317	0.99150238363255	0.996047372767402
s__Natronoglycomyces_albus	0.217047440708155	0.444546188581794	0.631614287949617	0.967064938487453
s__Catenulispora_acidiphila	-0.30561268480008	0.373810316379722	0.424918772014756	0.861917211607132
s__Frankia_sp._QA3	0.341485636847092	0.232340483707155	0.159890116164642	0.672166421642476
s__Jiangella_alkaliphila	-1.119901029243	0.392447880838215	0.0109896506440132	0.611075087294641
s__Gardnerella_vaginalis	0.291442093103737	0.506002678047438	0.572182702207354	0.933800460419459
s__Bifidobacterium_pseudolongum	-0.0958191174665617	0.377911304691542	0.802884778761063	0.993948920136532
s__Streptomonospora_sp._M2	0.0201151765293741	0.116977413849457	0.865501151020661	0.994946230890958
s__Nocardiopsis_dassonvillei	-0.180000912225047	0.18975512734127	0.356117296391897	0.850429364517963
s__Thermomonospora_amylolytica	0.00581063109929275	0.130677121910383	0.965051440174669	0.994946230890958
s__Actinomadura_sp._NAK00032	0.558874512624365	0.312288851959799	0.091346228357214	0.644246513640031
s__Thermobispora_bispora	0.327215603149763	0.18636072009606	0.0971190837712884	0.644246513640031
s__Nonomuraea_sp._ATCC_55076	0.26942747010174	0.405219293045146	0.515038278123464	0.903105467725166
s__Streptosporangium_sp._caverna	-0.252932784207129	0.468233089767391	0.596075541169129	0.936550768449041
s__Actinopolymorpha_singaporensis	-1.0671473485241	0.483457678642796	0.0413246686744048	0.644246513640031
s__Nocardioides_sp._MC1495	-0.189455328139253	0.290778120581032	0.523405332304783	0.904258379578747
s__Auraticoccus_monumenti	-0.0277289777022392	0.220389789142589	0.901352086805487	0.994946230890958
s__Microlunatus_sp._KUDC0627	0.0561026016017979	0.205255470737844	0.787891982394628	0.987319988027967
s__Acidipropionibacterium_acidipropionici	0.015091476152697	0.121726613136568	0.902786447268987	0.994946230890958
s__Cutibacterium_acnes	-0.0236190418814994	0.44562490263762	0.958348118498429	0.994946230890958
s__Polymorphospora_rubra	0.0363189152650532	0.301591687427515	0.905559009232552	0.994946230890958
s__Phytohabitans_flavus	-0.0239814431155887	0.160541772131221	0.883013019768539	0.994946230890958
s__Plantactinospora_sp._BB1	-0.211883636045358	0.210604598530213	0.328486730210039	0.81066133933583
s__Catellatospora_sp._IY07-71	0.785019933615714	0.322780136710668	0.0263571694746239	0.611075087294641
s__Micromonospora_echinofusca	-0.332844544364765	0.43569377983433	0.455375130111559	0.874320249814194
s__Actinoplanes_sp._N902-109	-0.0904993805553444	0.126084545404769	0.482648508904526	0.894483723066304
s__Salinispora_tropica	0.299422901797711	0.399152760279344	0.463423154019211	0.881843818707262
s__Flaviflexus_salsibiostraticola	-0.685638504360487	0.412514314957708	0.114820512285743	0.644246513640031
s__Schaalia_odontolytica	-0.678256183088495	0.483719886363157	0.178861421998502	0.684091494496262
s__Actinomyces_oris	0.00104161393744583	0.224012191642994	0.996344131917572	0.997383072618216
s__Allokutzneria_albata	0.0196174053518575	0.137702283841977	0.888389566507046	0.994946230890958
s__Kibdelosporangium_phytohabitans	0.037113933416452	0.101550556411318	0.719266421143529	0.973900936950335
s__Alloactinosynnema_sp._L-07	-0.0803624875201987	0.239312269084413	0.741126044737431	0.981353107514391
s__Lentzea_guizhouensis	-0.00751984480159523	0.186193426734031	0.968254908267538	0.994946230890958
s__Actinosynnema_pretiosum	0.187626349061464	0.30460263300976	0.546073558847601	0.919455727093217
s__Saccharothrix_syringae	-0.0397871668618807	0.27283269262296	0.88577087570297	0.994946230890958
s__Saccharopolyspora_erythraea	-0.477121820088481	0.244953913320518	0.0681468918900798	0.644246513640031
s__Amycolatopsis_albispora	-0.63703781991211	0.375339584177581	0.107883330591815	0.644246513640031
s__Kutzneria_sp._CA-103260	-0.226769939513526	0.237614990911949	0.353276725148485	0.845749765941511
s__Pseudonocardia_sp._AL041005-10	-0.606821118857346	0.656356587534341	0.368148775754961	0.853573360149475
s__Dietzia_lutea	0.180451214103782	0.394224650399716	0.652937602645665	0.971371298573622
s__Corynebacterium_segmentosum	-0.729630003941378	0.500141626563875	0.162837058145847	0.672166421642476
s__Nocardia_cyriacigeorgica	0.906143125261032	0.345163201769952	0.0177280579206297	0.611075087294641
s__Rhodococcus_globerulus	-0.845877459889133	0.504081347540413	0.111622910929384	0.644246513640031
s__Mycolicibacillus_koreensis	0.319205324306966	0.292282697625195	0.29002020743738	0.786577012762078
s__Mycobacteroides_abscessus	0.199371360795971	0.276886414138199	0.481279396458617	0.894483723066304
s__Mycolicibacter_minnesotensis	-0.344433347339283	0.264928462664764	0.210918496526213	0.705511347265381
s__Mycolicibacterium_aurum	-0.320400134326863	0.538167946353903	0.55945008073335	0.927585626086384
s__Mycobacterium_mantenii	0.239831999869219	0.40758512355219	0.563985925677835	0.931887243805028
s__Streptacidiphilus_sp._PB12-B1b	-0.0223263598721688	0.271522853079109	0.935427037971816	0.994946230890958
s__Kitasatospora_sp._NA04385	-0.243625472959805	0.408283659245718	0.55856698722512	0.927585626086384
s__Streptomyces_sp._Tu_2975	-0.0796087134023524	0.18728227704757	0.67611491503994	0.971662153350812
s__Georgenia_faecalis	0.327215603149763	0.18636072009606	0.0971190837712884	0.644246513640031
s__Xylanimonas_cellulosilytica	0.0131275126574106	0.143939682072524	0.928398528263753	0.994946230890958
s__Ornithinimicrobium_pratense	0.037113933416452	0.101550556411318	0.719266421143529	0.973900936950335
s__Brachybacterium_faecium	0.358668742144602	0.253200514681374	0.174681264221774	0.684091494496262
s__Brevibacterium_sp._JNUCC-42	0.21758948102381	0.384224605436343	0.578584589403917	0.933800460419459
s__Arsenicicoccus_sp._oral_taxon_190	-0.0103061506948012	0.146655479628937	0.944795190464466	0.994946230890958
s__Cellulomonas_flavigena	-0.188803660599748	0.279780997980994	0.508860490086436	0.903105467725166
s__Dermatophilus_congolensis	-0.0104194737670503	0.368674089311017	0.977782304822712	0.995226878416104
s__Rathayibacter_sp._VKM_Ac-2760	0.350570158351804	0.20421131693176	0.104196508159296	0.644246513640031
s__Humibacter_sp._WJ7-1	-0.0210973582674639	0.213413288556337	0.922408288438946	0.994946230890958
s__Clavibacter_michiganensis	0.0131275126574106	0.143939682072524	0.928398528263753	0.994946230890958
s__Microcella_alkaliphila	0.0201151765293741	0.116977413849457	0.865501151020661	0.994946230890958
s__Microbacterium_caowuchunii	-0.0534997521397335	0.191218234666308	0.783019153349365	0.985638734494452
s__Curtobacterium_flaccumfaciens	-0.149803274568058	0.496611487367973	0.766577093074017	0.982958505639448
s__Candidatus_Aquiluna_sp._UB-MaderosW2red	-0.359835755558782	0.308320719104328	0.259287390926229	0.765027781166932
s__Agromyces_sp._G127AT	-0.192135018217336	0.398235089540914	0.635628427001646	0.968701546618922
s__Leifsonia_xyli	-0.212409484439248	0.256908808243479	0.419810417642065	0.861917211607132
s__Microterricola_viridarii	0.437600686127068	0.247678392000872	0.0952071882442036	0.644246513640031
s__Protaetiibacter_intestinalis	0.124528190250285	0.523989737647728	0.814990157130598	0.993948920136532
s__Rothia_mucilaginosa	0.219698049945075	0.698465479325422	0.75693557275027	0.982958505639448
s__Kocuria_varians	0.265995428517983	0.197207388028214	0.195092201277425	0.693661160097511
s__Micrococcus_luteus	-0.872046971079212	0.727517320691178	0.247102687017015	0.754491163937733
s__Arthrobacter_sp._KBS0702	0.0647783796151958	0.233059077544306	0.784404159535168	0.985638734494452
s__Ndongobacter_massiliensis	0.00707214748276816	0.149840035386277	0.962905476730935	0.994946230890958
s__endosymbiont_TC1_of_Trimyema_compressum	0.213356134903269	0.175769654432169	0.241403955807077	0.745082708713834
s__Turicibacter_sp._H121	-0.23946565193294	0.22692050196136	0.306062810204097	0.79262404485646
s__Intestinibaculum_porci	0.0201151765293741	0.116977413849457	0.865501151020661	0.994946230890958
s__Erysipelothrix_rhusiopathiae	0.433756242146528	0.205697130447089	0.0501069764465057	0.644246513640031
s__Longicatena_caecimuris	-0.101959561354642	0.270422834453049	0.710810891587363	0.973900936950335
s__Amedibacterium_intestinale	0.655516678366253	0.265015904587876	0.0242248733511354	0.611075087294641
s__Faecalibacillus_intestinalis	0.0688062481745122	0.379742700626145	0.858359768598952	0.994946230890958
s__[Clostridium]_innocuum	-0.357157840594156	0.354487288104073	0.327804939446441	0.81066133933583
s__Phascolarctobacterium_faecium	0.297474825019152	0.399154927335333	0.466293355653691	0.882705855496471
s__Dialister_pneumosintes	-0.112827422197221	0.143086877261598	0.441248413080743	0.869453880841418
s__Veillonella_parvula	-0.881433278871472	0.580392180992884	0.147219732070963	0.663525552995889
s__Pectinatus_frisingensis	0.314805404731904	0.12559410939835	0.0226430440636215	0.611075087294641
s__Selenomonas_sp._oral_taxon_136	-0.134310458021851	0.167531207920743	0.43378806789023	0.863976234802118
s__Megamonas_funiformis	0.186724268217867	0.0560047526131341	0.00392992536903781	0.611075087294641
s__Methylomusa_anaerophila	0.0310857821624919	0.10689208663647	0.774711170227433	0.982958505639448
s__Pelosinus_sp._UFO1	-0.0595602815206735	0.147856743485608	0.692098066102892	0.973900936950335
s__Ezakiella_massiliensis	-0.289376697569604	0.25914116532272	0.279667886100185	0.77959033130752
s__Sedimentibacter_sp._zth1	0.173642569164427	0.103704509540048	0.112349295680767	0.644246513640031
s__Gottschalkia_acidurici	0.118207910705628	0.107589010003396	0.287216895442891	0.786577012762078
s__Helcococcus_kunzii	0.0452575839804222	0.183771259294868	0.808421224931653	0.993948920136532
s__Peptoniphilus_harei	0.368665462260674	0.198054286380273	0.0800648753484665	0.644246513640031
s__Finegoldia_magna	-0.392170076016876	0.339591966815531	0.264136521788427	0.768041251571573
s__Parvimonas_micra	0.174501553310418	0.104751894305622	0.114060346757563	0.644246513640031
s__Anaerococcus_prevotii	-0.0269108467820331	0.091479864158553	0.772187798786074	0.982958505639448
s__Schnuerera_ultunensis	0.0376744558040285	0.277176044649136	0.893479125271203	0.994946230890958
s__Tissierellia_sp._JN-28	0.275302900912395	0.213028034769295	0.213533425064056	0.706869269177566
s__Keratinibaculum_paraultunense	-0.688133939599637	1.01804617454763	0.508173256669433	0.903105467725166
s__Koleobacter_methoxysyntrophicus	0.037113933416452	0.101550556411318	0.719266421143529	0.973900936950335
s__Biomaibacter_acetigenes	0.17079356421552	0.194697512931699	0.392592849528363	0.858985399388973
s__Tepidanaerobacter_acetatoxydans	0.228239204315947	0.170553505708386	0.198447962321423	0.696626243493748
s__Natranaerobius_thermophilus	0.488678659571521	0.18409278400334	0.0166830256075041	0.611075087294641
s__Anoxybacter_fermentans	0.238445074220713	0.188442470725198	0.222816132956557	0.71779693838354
s__Halothermothrix_orenii	0.322330568655607	0.170476962371802	0.0758258936677313	0.644246513640031
s__Halanaerobium_praevalens	0.637234592073337	0.289011359696875	0.0415241724567617	0.644246513640031
s__Halocella_sp._SP3-1	0.113772264037971	0.0936095981711381	0.24082711812638	0.745082708713834
s__Acetohalobium_arabaticum	-0.327572406412903	0.237914624628089	0.186421799411516	0.686281276780622
s__Halobacteroides_halobius	0.0800936607272343	0.131544494639236	0.550660205682607	0.922149523651195
s__Mahella_australiensis	0.314805404731904	0.12559410939835	0.0226430440636215	0.611075087294641
s__Ammonifex_degensii	0.375887055947133	0.220453773992201	0.106387486056994	0.644246513640031
s__Caldanaerobacter_subterraneus	-0.0306859393500395	0.187921372537515	0.872214507501139	0.994946230890958
s__Thermoanaerobacter_italicus	0.38818327918181	0.375747220044435	0.316032635185395	0.794218140780051
s__Carboxydothermus_hydrogenoformans	-0.0935121307211177	0.374329827605239	0.805726320697793	0.993948920136532
s__Thermodesulfobium_narugense	0.043494085398195	0.220910827768041	0.846251986666506	0.994946230890958
s__Caldicellulosiruptor_owensensis	0.0171551986175256	0.580188468143332	0.976755687592406	0.995226878416104
s__Thermoanaerobacterium_thermosaccharolyticum	0.0643416148976646	0.0963765084730315	0.513346318762986	0.903105467725166
s__Thermaerobacter_marianensis	-0.013940942665769	0.20591699216409	0.946812955176757	0.994946230890958
s__Fenollaria_sp._EMRHCC_24	0.331869706920118	0.137726002472929	0.0275831966585717	0.611075087294641
s__Alkalicella_caledoniensis	-0.158782101473908	0.172900755247176	0.371286080085668	0.855085219646395
s__Christensenella_sp._Marseille-P3954	-0.611789471614276	0.387770674309454	0.133057989385462	0.651712601071651
s__Candidatus_Formimonas_warabiya	0.211947881399156	0.138442512796596	0.1441789703952	0.65944550091527
s__Desulfitobacterium_dichloroeliminans	0.222231878485396	0.151171153795764	0.159808634183104	0.672166421642476
s__Thermoanaerosceptrum_fracticalcis	0.0103321047240854	0.126290054201621	0.93575134744701	0.994946230890958
s__Desulfofarcimen_acetoxidans	0.534080558060495	0.227588007466351	0.0313169409396406	0.625683699408689
s__Desulfosporosinus_orientis	0.366598788461098	0.188863122010691	0.0690139131174746	0.644246513640031
s__Desulfotomaculum_reducens	-0.150400899333486	0.168258980944196	0.383874159978806	0.855085219646395
s__Desulfallas_gibsoniae	-0.174304055951732	0.185166906347096	0.359718533356641	0.852666153141668
s__Caloranaerobacter_azorensis	1.01305542478927	0.668471657723618	0.148023604457031	0.663745608974448
s__Eubacterium_sp._NSJ-61	0.493714564961136	0.349371612167011	0.175659997024137	0.684091494496262
s__Acetobacterium_woodii	0.244255494861865	0.318876299808856	0.454188412156969	0.874320249814194
s__Candidatus_Syntrophocurvum_alkaliphilum	0.145889699401807	0.115532046357729	0.223720901889909	0.71830122345924
s__Aminipila_terrae	0.0536534504136772	0.10182463353983	0.605057402988009	0.942946602059235
s__Mogibacterium_diversum	0.0139751782282748	0.279412903774176	0.960692424255152	0.994946230890958
s__Petrocella_atlantisensis	0.339574508461246	0.143315075743196	0.0299172178154668	0.611075087294641
s__Vallitalea_pronyensis	-0.296788632917496	0.276810675253863	0.298628192496753	0.791415939162313
s__Dysosmobacter_sp._Marseille-Q4140	0.406143384164459	0.244049868231283	0.114398263460549	0.644246513640031
s__Oscillibacter_sp._MM50	0.0201151765293741	0.116977413849457	0.865501151020661	0.994946230890958
s__Fastidiosipila_sanguinis	0.428691510128998	0.228762167611183	0.0782290436601712	0.644246513640031
s__Monoglobus_pectinilyticus	0.236930526007319	0.262629320678482	0.379583031314866	0.855085219646395
s__Thermoclostridium_stercorarium	0.169773019358023	0.356666226653957	0.640134334881119	0.968985534054173
s__Ruminococcus_sp._JE7A12	-0.501281854704826	0.29937366275701	0.112341751188181	0.644246513640031
s__Pseudoclostridium_thermosuccinogenes	0.0426381262589951	0.0859305648024379	0.62611264893475	0.963914751452331
s__Ruminiclostridium_herbifermentans	0.180340008758163	0.0576319144336857	0.00611018057352463	0.611075087294641
s__Acetivibrio_saccincola	0.251029136222783	0.0771173442834524	0.00465976074060273	0.611075087294641
s__Faecalibacterium_prausnitzii	0.209965523328889	0.452785529380312	0.648730896855492	0.971371298573622
s__Faecalicatena_sp._Marseille-Q4148	0.412025828011854	0.226677875447718	0.0867822814912081	0.644246513640031
s__Pseudobutyrivibrio_xylanivorans	-0.47245514064145	0.341541669913962	0.184470812001785	0.686281276780622
s__Lacrimispora_saccharolytica	0.295594808919022	0.179227921063535	0.117447175670268	0.644246513640031
s__Enterocloster_bolteae	0.0614353166335931	0.215285003792295	0.778810356518425	0.985638734494452
s__Coprococcus_sp._ART55/1	-0.268893526427267	0.250150393223963	0.29742765960412	0.791415939162313
s__Anaerobutyricum_hallii	-0.0382361160690601	0.20293730594108	0.852783418681615	0.994946230890958
s__Herbinix_luporum	0.258093689019202	0.22986368769538	0.27712516757938	0.77959033130752
s__Butyrivibrio_fibrisolvens	0.0822362034857808	0.0823881522381576	0.332200477820038	0.815632886719274
s__Anaerostipes_hadrus	0.37973386962307	0.202784297579644	0.0784267912191596	0.644246513640031
s__Anaerocolumna_cellulosilytica	0.0340189364741367	0.0836369381693945	0.68927010318999	0.973900936950335
s__[Ruminococcus]_torques	0.861260259007104	0.454529363992169	0.0752517975924683	0.644246513640031
s__Roseburia_hominis	0.0352541511310837	0.0991281129402458	0.726483143882188	0.976784059001261
s__Lachnoclostridium_phytofermentans	0.298700583094065	0.406348830116676	0.472308106275639	0.886350296809081
s__Cellulosilyticum_lentocellum	-0.0923938208798815	0.257554278037553	0.724209533877445	0.976508883832457
s__Blautia_producta	0.267901672667202	0.31465564763332	0.406374402275946	0.86119078628015
s__Lachnoanaerobaculum_umeaense	-0.050015537961117	0.146623229640911	0.737195903120913	0.980985128642593
s__Peptoclostridium_acidaminophilum	0.037113933416452	0.101550556411318	0.719266421143529	0.973900936950335
s__Acetoanaerobium_sticklandii	0.0950969206572341	0.222090743663617	0.673888838385451	0.971371298573622
s__Filifactor_alocis	0.290819129958561	0.229065934056632	0.221336996299236	0.715432715310662
s__Paraclostridium_bifermentans	0.0352582850447246	0.102868322399831	0.735986874512248	0.980985128642593
s__Peptacetobacter_hiranonis	0.0367068840917222	0.0855863226878313	0.673390778837514	0.971371298573622
s__Paeniclostridium_sordellii	-0.0813092560383192	0.48154860647446	0.867907742194267	0.994946230890958
s__Clostridioides_difficile	0.0638060246759736	0.234500771815338	0.788827532101511	0.987319988027967
s__Romboutsia_sp._CE17	0.519859478300838	0.375549097749302	0.184180956520527	0.686281276780622
s__Caloramator_sp._E03	0.0708790002524869	0.0649556600083299	0.290413789696917	0.786577012762078
s__Geosporobacter_ferrireducens	-0.204605401450805	0.289918628025579	0.489912509495121	0.900988523209418
s__Hungatella_hathewayi	0.320397054968009	0.177259827288185	0.0884127973564003	0.644246513640031
s__Candidatus_Arthromitus_sp._SFB-rat-Yit	-0.179181197605761	0.255700113796636	0.49294127156471	0.903105467725166
s__Sarcina_sp._JB2	-0.0342262194218129	0.0857282167963096	0.694686454647251	0.973900936950335
s__Hathewaya_histolytica	0.194392088378353	0.0968577930664439	0.0609236037422329	0.644246513640031
s__Crassaminicella_sp._SY095	0.0582841181675993	0.103746939604204	0.581590090547178	0.933800460419459
s__Alkaliphilus_sp._B6464	0.0936423701250617	0.128583963827608	0.476367953695652	0.889714466046353
s__Serpentinicella_alkaliphila	-0.542747491044328	0.486727963190144	0.28032616354548	0.77959033130752
s__Clostridium_botulinum	0.0410363985128179	0.285294115716829	0.887318997318882	0.994946230890958
s__Suicoccus_acidiformans	0.065425188926554	0.515118125454895	0.900422634605872	0.994946230890958
s__Aerococcus_christensenii	0.0963033823299359	0.23256236555865	0.683980743144808	0.973900936950335
s__Marinilactibacillus_sp._15R	-0.0277289777022392	0.220389789142589	0.901352086805487	0.994946230890958
s__Carnobacterium_maltaromaticum	0.396142108213573	0.236191831282228	0.111791742737038	0.644246513640031
s__Dolosigranulum_pigrum	0.355593001547728	0.205177747863305	0.101177488833403	0.644246513640031
s__Jeotgalibaca_porci	-0.185417982733525	0.521196596629712	0.726400703294433	0.976784059001261
s__Tetragenococcus_osmophilus	0.451455480368466	0.238772132109669	0.0758286606458703	0.644246513640031
s__Vagococcus_carniphilus	0.131108882685009	0.297014438852765	0.664470197079225	0.971371298573622
s__Melissococcus_plutonius	0.115219497903366	0.0694774914235402	0.115577904961078	0.644246513640031
s__Enterococcus_faecium	0.00848518300817245	0.321451841745542	0.979248526324091	0.995226878416104
s__Apilactobacillus_bombintestini	0.314805404731904	0.12559410939835	0.0226430440636215	0.611075087294641
s__Oenococcus_oeni	0.0201151765293741	0.116977413849457	0.865501151020661	0.994946230890958
s__Levilactobacillus_brevis	0.280271247153303	0.244024839630774	0.266652280549138	0.768727295276795
s__Loigolactobacillus_coryniformis	0.199530147029296	0.198026816277034	0.327777888230596	0.81066133933583
s__Liquorilactobacillus_hordei	0.138037090395355	0.206463978413263	0.512742152277534	0.903105467725166
s__Lentilactobacillus_hilgardii	-0.0271000616754592	0.163742159314455	0.870499165301434	0.994946230890958
s__Fructilactobacillus_sanfranciscensis	0.108567672281926	0.349239129256024	0.759679450822687	0.982958505639448
s__Paucilactobacillus_oligofermentans	-0.640324084658359	0.352182330534602	0.0867044673844032	0.644246513640031
s__Lacticaseibacillus_rhamnosus	-0.0909127716716123	0.261806990537229	0.732664494287815	0.979607123281758
s__Leuconostoc_mesenteroides	0.277881066489343	0.332576521028501	0.415003010929753	0.861917211607132
s__Companilactobacillus_alimentarius	-0.250781612078464	0.196375175047434	0.21875105563502	0.71250350051561
s__Weissella_soli	-0.358015251780051	0.264806814382841	0.194094172712836	0.692678088491904
s__Ligilactobacillus_salivarius	-0.21356087399155	0.226367216487314	0.358678472114802	0.852666153141668
s__Pediococcus_pentosaceus	-0.146989607513841	0.252255299372152	0.567743516328303	0.933800460419459
s__Lactiplantibacillus_plantarum	-0.163112955371334	0.268963629586767	0.552229238407572	0.922149523651195
s__Latilactobacillus_sakei	-0.147586175010638	0.480852948103281	0.762627572889684	0.982958505639448
s__Lactobacillus_kullabergensis	-0.0902074362778335	0.258028448475351	0.730930297940531	0.979382238042181
s__Limosilactobacillus_fermentum	-0.066727771469548	0.220945116181244	0.766307506635463	0.982958505639448
s__Streptococcus_pneumoniae	-0.111985722398652	0.226720240897524	0.627671232958248	0.963914751452331
s__Lactococcus_cremoris	2.23270668417052	0.813232164576944	0.013798305614459	0.611075087294641
s__Polycladomyces_abyssicola	0.0201151765293741	0.116977413849457	0.865501151020661	0.994946230890958
s__Staphylospora_marina	0.194903405746247	0.158822541786988	0.236479849511221	0.741704481741875
s__Exiguobacterium_alkaliphilum	0.244306387957791	0.219397710072931	0.280977348575419	0.77959033130752
s__Exiguobacterium_sp._Helios	0.015091476152697	0.121726613136568	0.902786447268987	0.994946230890958
s__Alicyclobacillus_ferrooxydans	-0.231258756858258	0.245572675815917	0.35953080606279	0.852666153141668
s__Brochothrix_thermosphacta	-0.0253522816066901	0.213628442414291	0.9069241552442	0.994946230890958
s__Listeria_monocytogenes	0.380851600346525	0.337549546451645	0.274872280470069	0.779340243257255
s__Ureibacillus_thermophilus	0.440987315085545	0.232451342171336	0.0749332614036578	0.644246513640031
s__Solibacillus_silvestris	0.0671413096953692	0.241440975478552	0.784300383840542	0.985638734494452
s__Paenisporosarcina_antarctica	-0.293142076973088	0.199013558697842	0.159031593057921	0.672166421642476
s__Jeotgalibacillus_malaysiensis	0.0201151765293741	0.116977413849457	0.865501151020661	0.994946230890958
s__Kurthia_zopfii	0.17432405863482	0.163532634877783	0.301334605007744	0.791415939162313
s__Planococcus_versutus	-0.273310910014097	0.249749692137464	0.289069907988743	0.786577012762078
s__Rummeliibacillus_stabekisii	-0.0534845967713257	0.179775655354201	0.76968403042396	0.982958505639448
s__Planomicrobium_glaciei	-0.0768390040505542	0.262769978359002	0.773504938510121	0.982958505639448
s__Viridibacillus_sp._JNUCC-6	0.127585583013153	0.070007977483301	0.0860264219103918	0.644246513640031
s__Sporosarcina_ureae	-0.132755830563867	0.265085096419334	0.622930614235266	0.961436317790765
s__Gemella_sanguinis	0.228083156191017	0.236684266085928	0.348725138548222	0.839269887242619
s__Gemella_morbillorum	0.164539859529851	0.0929041937859568	0.0944750387707868	0.644246513640031
s__Gemella_haemolysans	0.170164895272958	0.443839956386956	0.706181019170051	0.973900936950335
s__Gemella_sp._zg-570	0.0888229899615561	0.278384968074095	0.753564061899913	0.982958505639448
s__Aneurinibacillus_sp._XH2	-0.000584717012000243	0.176056529419485	0.997388741938244	0.997388741938244
s__Saccharibacillus_brassicae	-0.170152034639831	0.455932677492072	0.713615659148037	0.973900936950335
s__Brevibacillus_laterosporus	-0.200848536916626	0.504628112362062	0.695574428178952	0.973900936950335
s__Cohnella_abietis	-0.33999226342989	0.32727337503443	0.313419459106099	0.79262404485646
s__Paenibacillus_yonginensis	-0.357054067534721	0.205586658535851	0.100514014646042	0.644246513640031
s__Parageobacillus_toebii	0.588953305110653	0.682248339796273	0.400013606702704	0.86119078628015
s__Sediminibacillus_sp._DP4-553-S	0.217976032653116	0.135200149862842	0.125316798771689	0.644246513640031
s__Salimicrobium_jeotgali	0.0310857821624919	0.10689208663647	0.774711170227433	0.982958505639448
s__Radiobacillus_deserti	0.0254343022973143	0.112034354021741	0.823113949488066	0.993948920136532
s__Paraliobacillus_zengyii	0.0749270975352361	0.312616758419792	0.813446537079924	0.993948920136532
s__Aeribacillus_pallidus	-0.243290960338499	0.347874320040611	0.493783175054806	0.903105467725166
s__Pradoshia_sp._D12	-0.12969756752315	0.154252057925128	0.412121999645263	0.861917211607132
s__Anaerobacillus_isosaccharinicus	-0.167471957199604	0.178585796462318	0.361496927555796	0.853573360149475
s__Bacillus_cohnii	-0.134260840215012	0.251536385312208	0.600415871529732	0.940292392607737
s__Metabacillus_sp._KUDC1714	-0.206364845236179	0.33570918748009	0.546884604343986	0.919455727093217
s__Anoxybacillus_caldiproteolyticus	0.389825935602917	0.275118925744861	0.174567298855169	0.684091494496262
s__Halobacillus_litoralis	-0.229487075926569	0.266564122224495	0.401268582270171	0.86119078628015
s__Alkalihalobacillus_krulwichiae	0.224299998535111	0.343240220149847	0.522189386802419	0.904258379578747
s__Rossellomorea_vietnamensis	-0.589860270201	0.377468367226256	0.136551881494473	0.658189754422335
s__Pontibacillus_sp._ALD_SL1	-0.197772022444147	0.371769061305803	0.601626711018564	0.940654141006224
s__Lederbergia_lentus	-0.69623323094588	0.365955576133818	0.0741839047069904	0.644246513640031
s__Mesobacillus_foraminis	-0.422698514216126	0.2598040014374	0.122130629247797	0.644246513640031
s__Neobacillus_cucumis	-0.193787519966577	0.297391550273437	0.523356127153224	0.904258379578747
s__Weizmannia_coagulans	0.326545690679603	0.199197024485846	0.119521255092681	0.644246513640031
s__Lentibacillus_sp._CBA3610	-0.186168299431071	0.22631891342111	0.422128534018044	0.861917211607132
s__Fictibacillus_arsenicus	-0.206400568143987	0.370605999538793	0.584835466175373	0.935378546790327
s__Heyndrickxia_oleronia	-0.18528829904076	0.224030663497722	0.419657549684742	0.861917211607132
s__Psychrobacillus_glaciei	-0.603677669357392	0.247558874495578	0.0260133362181482	0.611075087294641
s__Caldibacillus_thermoamylovorans	0.01795589568151	0.270890622764558	0.947924488105502	0.994946230890958
s__Niallia_circulans	-0.0079641221203324	0.105309665100367	0.94059970231066	0.994946230890958
s__Gracilibacillus_sp._SCU50	0.396599044539369	0.434211021821293	0.373816114436975	0.855085219646395
s__Evansella_cellulosilytica	0.0447042639808576	0.113463945815732	0.698482723810721	0.973900936950335
s__Oceanobacillus_kimchii	-0.594103650476683	0.52619602622256	0.274556213428268	0.779340243257255
s__Cytobacillus_oceanisediminis	0.116217402161192	0.384125056436763	0.765902682074702	0.982958505639448
s__Peribacillus_simplex	0.163580378160083	0.081600495456496	0.0611950018120729	0.644246513640031
s__Lysinibacillus_sphaericus	-0.590179752454965	0.496348105682153	0.25076646585342	0.756865119694743
s__Virgibacillus_necropolis	0.539345335471218	0.408213403210116	0.203931520237153	0.702340781936509
s__Priestia_megaterium	0.00788372006006343	0.225581525575694	0.972527947131982	0.995226878416104
s__Amphibacillus_xylanus	-0.238114085953956	0.192845616981395	0.233722586539745	0.737277303203826
s__Bacillus_thuringiensis	-0.0492191598216338	0.234751474077663	0.83642125088466	0.994946230890958
s__Abyssicoccus_albus	0.00139675621505719	0.155432696883835	0.992934724727504	0.996047372767402
s__Nosocomiicoccus_ampullae	0.0837082206564823	0.192175052696371	0.66861938743804	0.971371298573622
s__Jeotgalicoccus_sp._WY2	-0.266224741692053	0.24421490007185	0.290869624510977	0.786577012762078
s__Macrococcus_canis	0.246686106872617	0.173009736909784	0.172016082232826	0.682377846874019
s__Mammaliicoccus_lentus	-0.49218661369247	0.399075360770039	0.234239143205382	0.737277303203826
s__Staphylococcus_aureus	-0.157676244199191	0.237422413775189	0.515522704493115	0.903105467725166
s__Candidatus_Nanosynbacter_lyticus	0.00280375190418209	0.162009143986886	0.986393884699936	0.996047372767402
s__Nibribacter_ruber	0.271953227833276	0.165612669712634	0.11893616998122	0.644246513640031
s__Denitratisoma_oestradiolicum	0.360890780752372	0.217843049395851	0.115928398562804	0.644246513640031
s__Orrella_dioscoreae	-0.106693991650649	0.240156267220497	0.662451706541469	0.971371298573622
s__Sodalis_sp._dw_23	-0.150883856210648	0.293893100908677	0.614281237806868	0.953201933625793
s__Phytobacter_ursingii	-0.293881789711535	0.317648197930535	0.367820001258266	0.853573360149475
s__Fannyhessea_vaginae	0.320121849336928	0.178782524961679	0.0911870224676957	0.644246513640031
s__Gordonia_sp._YC-JH1	0.387182747938777	0.240355432063935	0.125616686928471	0.644246513640031
s__Lawsonella_clevelandensis	0.161138006455699	0.375183277960957	0.672959663241852	0.971371298573622
s__Janibacter_indicus	-0.336181711685944	0.582151670299557	0.571184246331082	0.933800460419459
s__Thermanaeromonas_toyohensis	0.265553962197097	0.159944428536422	0.115187494206925	0.644246513640031
s__Exiguobacterium_sp._PFWT01	0.341276233759573	0.197911961725956	0.102772444851691	0.644246513640031
s__Exiguobacterium_sp._AT1b	0.35333949010724	0.208959696023871	0.109097084588046	0.644246513640031
s__Geobacillus_sp._WCH70	0.545171817281234	0.634407161557484	0.402108289571242	0.86119078628015
