Representative_ASV	Beta	SE	P	FDR_BH
s__Caldisericum_exile	0.180013522575375	0.143348559654956	0.226183488385337	0.582873087475196
s__Candidatus_Endomicrobium_trichonymphae	-0.335512960752401	0.220342776627393	0.146221570838165	0.530176878064811
s__Elusimicrobium_minutum	0.149971736641691	0.0952392300191647	0.133754844318599	0.530176878064811
s__Aminobacterium_colombiense	-0.287046686430788	0.194368543756277	0.158009765195548	0.538130430279882
s__Thermodesulfovibrio_yellowstonii	0.332301747053964	0.148021719284638	0.0383647828993531	0.340032268115565
s__Dissulfurispira_thermophila	0.0273865109248558	0.41276250745108	0.947873777540005	0.98908568091131
s__Thermodesulfobacterium_geofontis	0.194965109079659	0.194362234508818	0.329877015113997	0.6905218735058
s__Thermodesulfatator_indicus	0.160797741877044	0.176537197049332	0.375112742817742	0.699562490782594
s__Candidatus_Chazhemtobacterium_aquaticus	0.599204608083588	0.248503278282725	0.02749300649385	0.314205788501143
s__Candidatus_Babela_massiliensis	0.354543616425825	0.214384534622309	0.116518651823566	0.530176878064811
s__Candidatus_Saccharimonas_aalborgensis	0.102603453899349	0.194566257687536	0.604769026436237	0.827890230030501
s__Kiritimatiella_glycovorans	0.149971736641691	0.0952392300191647	0.133754844318599	0.530176878064811
s__Fibrobacter_succinogenes	0.171994193905447	0.114414368645206	0.151122333113168	0.531419193364985
s__Melioribacter_roseus	0.173958157400733	0.137654220751016	0.223381161428913	0.582873087475196
s__Ignavibacterium_album	-0.117219952538008	0.225143741399906	0.609329181219343	0.832085368379188
s__Atribacter_laminatus	-0.463518894304983	0.326829424162672	0.174195468150535	0.555573586127952
s__Geovibrio_thiophilus	-0.131219308963896	0.192900677476805	0.505509985210766	0.769881395319123
s__Calditerrivibrio_nitroreducens	0.185688913843086	0.148765522894171	0.228876768889534	0.582873087475196
s__Flexistipes_sinusarabici	0.0524931151025549	0.228431096522798	0.820990620184142	0.940514314292096
s__Deferribacter_desulfuricans	-0.087574593053729	0.136108545543923	0.528538173513284	0.789108315043161
s__Thermotomaculum_hydrothermale	-0.0284716268946173	0.190372250454368	0.882873594708998	0.959329535032963
s__Granulicella_tundricola	0.126784359257875	0.319778121498701	0.696686419992301	0.896284264324237
s__Candidatus_Solibacter_usitatus	0.100477960831059	0.207469208177216	0.63435130047778	0.854105537810195
s__Dictyoglomus_thermophilum	-0.530167941355158	0.439559310042018	0.244283883674278	0.601314175198223
s__Persephonella_marina	-0.439283702832378	0.210934267817742	0.0527066106082371	0.38921804756852
s__Sulfurihydrogenibium_sp._YO3AOP1	-0.181790924017181	0.333973916775291	0.593285292169952	0.818266210310615
s__Hydrogenobacter_thermophilus	0.161651367760829	0.105131452508857	0.142547509556142	0.530176878064811
s__Hydrogenobaculum_sp._Y04AAS1	0.416636827462591	0.20413955415674	0.0570980489479343	0.406030570296421
s__Aquifex_aeolicus	-0.780829163054216	0.226792379315832	0.00310533258262481	0.174713559395876
s__Chlamydia_gallinacea	0.32774918759721	0.31959688785968	0.319495434788901	0.681536316952276
s__Candidatus_Protochlamydia_naegleriophila	0.0814140382011938	0.203964855434557	0.694747046992924	0.896284264324237
s__Neochlamydia_sp._S13	0.176753565334058	0.118817940803159	0.155170099343608	0.535839191977928
s__Simkania_negevensis	0.291342329595018	0.307245012062102	0.356292658384993	0.695562213492824
s__Humisphaera_borealis	0.131092823106526	0.223667294227078	0.565505432242523	0.806059753052648
s__Candidatus_Kuenenia_stuttgartiensis	-0.0101589449981908	0.194077489791146	0.958864143241846	0.9939722482811
s__Paludisphaera_borealis	0.342101565972045	0.22643751083477	0.149204002371555	0.531419193364985
s__Isosphaera_pallida	0.297193170156463	0.145228032176617	0.0565048689770333	0.404811001626507
s__Aquisphaera_giovannonii	-0.144634897354391	0.246822651702745	0.565583730688242	0.806059753052648
s__Crateriforma_conspicua	-0.144784036861975	0.155608627636422	0.365170162083733	0.695562213492824
s__Gimesia_alba	-0.320400014795444	0.570315940970451	0.581588296852002	0.81327476743184
s__Pirellulimonas_nuda	0.180013522575375	0.143348559654956	0.226183488385337	0.582873087475196
s__Botrimarina_mediterranea	-0.147064987496643	0.373989827647154	0.699035399663389	0.896284264324237
s__Stieleria_neptunia	0.166970493528769	0.109852477436785	0.146903176630458	0.530176878064811
s__Rubripirellula_lacrimiformis	0.166970493528769	0.109852477436785	0.146903176630458	0.530176878064811
s__Pirellula_sp._SH-Sr6A	0.117780356644885	0.222042103983522	0.602666667640801	0.826514287050241
s__Lignipirellula_cremea	-0.103104897705589	0.393248135585784	0.796327202996934	0.932204065302914
s__Aureliella_helgolandensis	0.197391820752944	0.1386438074454	0.172619313773222	0.55238180407431
s__Roseimaritima_ulvae	-0.414011569561835	0.185239748707886	0.0391276612992621	0.341477771339014
s__Tuwongella_immobilis	0.297193170156463	0.145228032176617	0.0565048689770333	0.404811001626507
s__Limnoglobus_roseus	0.000402730745157635	0.357785462986268	0.999114988236009	0.999820906912696
s__Gemmata_massiliana	-0.0506715167284267	0.429612470638079	0.907492020045904	0.974374660715857
s__Urbifossiella_limnaea	0.125623731429605	0.348758486460188	0.723131872270202	0.909102924504193
s__Ereboglobus_luteus	-0.179165024298638	0.180545893711798	0.334941604132151	0.691492344014764
s__Luteolibacter_sp._32A	-0.0540679488126388	0.160404965804366	0.74018868553435	0.91459902988076
s__Verrucomicrobium_spinosum	0.0363347043225829	0.223231961313097	0.872621358528577	0.957390290499924
s__Roseimicrobium_sp._ORNL1	-0.70115566482778	0.256389349977426	0.0141122979773834	0.254626210999971
s__Akkermansia_muciniphila	0.0642132777314476	0.226638389190525	0.780345852786521	0.927143587469134
s__Methylacidiphilum_kamchatkense	-0.464591352190686	0.216902282253535	0.0469730891411866	0.361050459335227
s__Leptospira_interrogans	0.818373387696461	0.239089442764379	0.00324313785049132	0.174713559395876
s__Brachyspira_murdochii	-0.269597649156135	0.352963402221969	0.455450311977507	0.757954030619726
s__Sphaerochaeta_pleomorpha	0.0131607415373197	0.197306462163917	0.947597109145095	0.98908568091131
s__Thiospirochaeta_perfilievii	-0.28990793347899	0.246515788101888	0.255792994653063	0.617785631810182
s__Spirochaeta_thermophila	0.0905263439277671	0.450898634155786	0.843261804464292	0.947009187311721
s__Treponema_ruminis	-0.445918900991255	0.125644617227086	0.00246713475924094	0.174713559395876
s__Borreliella_burgdorferi	-0.465182191917937	0.169090028250245	0.0136367510213787	0.254626210999971
s__Borrelia_crocidurae	-0.583848898997696	0.162017181866678	0.00219160098023541	0.174713559395876
s__Sneathia_vaginalis	0.276068934510726	0.199292123765879	0.183885714061075	0.562226279563246
s__Sebaldella_termitidis	0.062436509635441	0.0858418489686548	0.47691380771354	0.766860455963683
s__Pseudoleptotrichia_goodfellowii	0.074350619797281	0.0726255823289662	0.320300359147637	0.681536316952276
s__Streptobacillus_moniliformis	0.057995882432291	0.0971458735965335	0.558376820936171	0.806059753052648
s__Leptotrichia_buccalis	0.155898976003581	0.440601473501932	0.727814955212026	0.909231119222229
s__Ilyobacter_polytropus	-0.024431333794038	0.100939339735747	0.811645048484464	0.935652840820621
s__Fusobacterium_ulcerans	-0.910168309839233	0.31240722455496	0.00968344289119387	0.212115892903963
s__Defluviitoga_tunisiensis	0.136516909648307	0.231085868297557	0.562451990136869	0.806059753052648
s__Petrotoga_mobilis	0.189058886027312	0.189189128067238	0.33165646693886	0.6905218735058
s__Tepiditoga_spiralis	-0.693737793380257	0.254658058133655	0.0144269321650009	0.254626210999971
s__Fervidobacterium_nodosum	-0.166562802130211	0.171287893685347	0.34447843609506	0.695562213492824
s__Thermosipho_melanesiensis	0.0598663745519518	0.235332732260932	0.80224561306014	0.932204065302914
s__Thermotoga_profunda	-0.544048441353486	0.20150260791873	0.015176392996816	0.254626210999971
s__Gemmatirosa_kalamazoonesis	-0.172515246746147	0.472572708138967	0.719572023458386	0.907738689251051
s__Candidatus_Cloacimonas_acidaminovorans	-0.0316527901120959	0.0899432795719473	0.729223210467985	0.909231119222229
s__Chlorobaculum_limnaeum	0.519772733557957	0.194460465936743	0.0160572774730924	0.257772453894293
s__Chlorobium_phaeobacteroides	0.274598512077898	0.351641473135855	0.445597366686569	0.753122309892792
s__Prosthecochloris_sp._HL-130-GSB	-0.374950534762301	0.486673505754966	0.451616465150097	0.757366683036012
s__Salinibacter_ruber	0.138316325912	0.229329051005674	0.554381248900926	0.805336993566133
s__Haliscomenobacter_hydrossis	0.145165824118678	0.416688462113208	0.731831978249563	0.91123047875432
s__Paraflavitalea_soli	-0.12771973467376	0.143679806921272	0.386452209684651	0.701312138558157
s__Niabella_ginsenosidivorans	-0.144784036861975	0.155608627636422	0.365170162083733	0.695562213492824
s__Phnomibacter_ginsenosidimutans	-0.100275714340625	0.321470646048155	0.758888440361896	0.9218438892465
s__Filimonas_lacunae	-0.00351150507486111	0.16826386382611	0.983593115823245	0.997135505664142
s__Pseudobacter_ginsenosidimutans	-0.0298500514236304	0.193273945922134	0.879078213133913	0.957905884913231
s__Pseudocnuella_soli	-0.273831970030898	0.434262800618917	0.536708856180347	0.792215611298054
s__Niastella_koreensis	0.820425498546067	0.270289475530564	0.00746928011382427	0.208271699260048
s__Panacibacter_ginsenosidivorans	-0.0950034253782484	0.19442990523134	0.631350310348266	0.853790332593168
s__Flavisolibacter_tropicus	-0.616354054363098	0.394437599110941	0.136565941599679	0.530176878064811
s__Arachidicoccus_ginsenosidivorans	0.197195394857543	0.290366340407391	0.506199704550627	0.769881395319123
s__Chitinophaga_sp._KRA15-503	-0.377617768473378	0.22589040825873	0.112890107962489	0.530176878064811
s__Anseongella_ginsenosidimutans	-0.0386143280310326	0.534122698366253	0.943211013990278	0.98851809326492
s__Pseudopedobacter_saltans	-0.038284056844265	0.210620643738996	0.857914660456057	0.954343075362473
s__Solitalea_canadensis	-0.276357143243133	0.237941376081335	0.261507459991912	0.626524641600115
s__Pedobacter_heparinus	-0.969855868013573	0.523695798969687	0.0814813333430902	0.495628821657876
s__Olivibacter_sp._SDN3	0.48964975759129	0.243013028939945	0.0600103873094016	0.410561669073333
s__Sphingobacterium_sp._G1-14	0.99072038644827	0.433768978815366	0.0355031075803281	0.328928019417097
s__Mucilaginibacter_mallensis	-0.624902153636583	0.17690300171347	0.0025575504852748	0.174713559395876
s__Candidatus_Amoebophilus_asiaticus	-0.0685273174124793	0.203804775195345	0.740804526424131	0.91459902988076
s__Cardinium_endosymbiont_of_Bemisia_tabaci	-0.000668780593553373	0.223449642798991	0.997646791778	0.999820906912696
s__Mangrovivirga_cuniculi	-0.476280216501935	0.453477436724139	0.308289516256254	0.672682779050047
s__Marivirga_tractuosa	0.100486205281085	0.255652221443567	0.699161775121471	0.896284264324237
s__Bernardetia_litoralis	0.0578923469613822	0.0732071447011668	0.439953318846417	0.74753130281869
s__Aquiflexum_balticum	0.167468264706286	0.131661742509098	0.220513099767386	0.582873087475196
s__Cyclobacterium_marinum	-0.285315968381898	0.253080404504202	0.275246317338208	0.644479182060194
s__Belliella_baltica	-0.808287132453341	0.401658297427474	0.0603012451451458	0.410561669073333
s__Algoriphagus_sanaruensis	0.361668043328707	0.253144218079708	0.171206204991314	0.551536767757252
s__Echinicola_sp._20G	-0.114263256254781	0.51019605984211	0.825458226529601	0.942259093303707
s__Rufibacter_radiotolerans	0.373311720585024	0.329775453326705	0.273342537650569	0.643158912118986
s__Pontibacter_russatus	-0.311434453427366	0.232967367010327	0.198898656068287	0.563720966599565
s__Adhaeribacter_swui	0.309356082780786	0.227892288020056	0.192381782844562	0.563720966599565
s__Hymenobacter_sp._DG01	-0.154262583119263	0.230783655629751	0.512834094550334	0.775308237430426
s__Flammeovirga_sp._MY04	0.013147036895117	0.476072163979035	0.978290306349707	0.996983751693969
s__Aquirufa_nivalisilvae	-0.00690394183593128	0.173193986980653	0.968667172017416	0.995632211067151
s__Dyadobacter_fermentans	0.187505434534397	0.40592006534647	0.649990110085147	0.866653480113529
s__Rhodocytophaga_rosea	-0.24247486277806	0.219512940547554	0.284720789934656	0.646023104561322
s__Arcticibacterium_luteifluviistationis	-0.0116954315873408	0.119750718600972	0.923340715867972	0.976219259067459
s__Cytophaga_hutchinsonii	0.392500073503427	0.428320473738739	0.372289975571651	0.699562490782594
s__Runella_sp._SP2	-0.423565755490413	0.167136669339411	0.021391551837735	0.293369853774652
s__Spirosoma_sp._KCTC_42546	-0.128508828698582	0.391086039564225	0.746475035474276	0.915218434297962
s__Alkalitalea_saponilacus	-0.317119904868589	0.185525102724162	0.105583230026236	0.530176878064811
s__Labilibaculum_antarcticum	0.310337896021147	0.208134858652643	0.15427252348547	0.535839191977928
s__Draconibacterium_orientale	0.154251802863418	0.223700291793845	0.499784276645518	0.769699590945908
s__Maribellus_comscasis	0.456227162651719	0.228438546899163	0.0620734029940561	0.419651175171084
s__Tenuifilum_thalassicum	0.225369827373074	0.239124347410257	0.359149085050222	0.695562213492824
s__Paludibacter_propionicigenes	0.0349562249922217	0.20769586214387	0.868329588867784	0.9559591804049
s__Dysgonomonas_sp._HDW5A	-0.235498878624912	0.223090443921414	0.305913458985951	0.672029566651059
s__Proteiniphilum_saccharofermentans	0.549676347420269	0.221991126016993	0.0240957276276292	0.300414266526286
s__Sodaliphilus_pleomorphus	0.111491975023323	0.347362706085094	0.752147537367409	0.91748619551806
s__Odoribacter_splanchnicus	-0.0365714207480443	0.18235551302782	0.843430057449501	0.947009187311721
s__Butyricimonas_virosa	-0.204480381133427	0.2030263166242	0.327978333306907	0.688969803007945
s__Salinivirga_cyanobacteriivorans	0.0740198445826177	0.301654875485322	0.809100542755132	0.935652840820621
s__Barnesiella_viscericola	0.0141637756749438	0.206348248821192	0.946076961002086	0.98908568091131
s__Coprobacter_secundus	0.0558165648229365	0.121737607317583	0.652401169118723	0.868661750837689
s__Porphyromonas_gingivalis	0.0354159375320732	0.415345750026954	0.933044054814207	0.982151636646533
s__Tannerella_forsythia	0.22947090573128	0.195265799958156	0.256123626521305	0.617785631810182
s__Parabacteroides_distasonis	-0.0125731323567338	0.0689162826628208	0.857394844919378	0.954343075362473
s__Alistipes_indistinctus	-0.466386026916632	0.186724673396512	0.0230551086999578	0.299093302053507
s__Prevotella_melaninogenica	-0.21959778194885	0.404323871252363	0.594095363110936	0.818266210310615
s__Phocaeicola_salanitronis	-0.554925107025868	0.394375158814218	0.177417898457095	0.559706592954565
s__Bacteroides_fragilis	-0.375249652405174	0.228539140652933	0.118968529841801	0.530176878064811
s__Fluviicola_taffensis	-0.494020491630184	0.33670584820079	0.160573688333916	0.538879071479434
s__Ichthyobacterium_seriolicida	-0.0768055502815325	0.223574667188408	0.735408623615823	0.912134726965362
s__Candidatus_Sulcia_muelleri	0.086887649687365	0.235118057276094	0.716281599503384	0.905968821506257
s__Blattabacterium_cuenoti	-0.639818776970584	0.218394210946849	0.00935525290047699	0.212115892903963
s__Weeksella_virosa	0.167468264706286	0.131661742509098	0.220513099767386	0.582873087475196
s__Bergeyella_cardium	0.156482232201157	0.16725901284706	0.362596271795282	0.695562213492824
s__Epilithonimonas_vandammei	0.153425592365617	0.216296607242303	0.487735257670437	0.769699590945908
s__Kaistella_jeonii	-0.387423363589479	0.281260074457079	0.186237455105325	0.562226279563246
s__Ornithobacterium_rhinotracheale	-0.402513147722563	0.491577493151498	0.424219846120064	0.727031364771661
s__Apibacter_raozihei	0.230642980413911	0.0995927981798178	0.0333142249542118	0.328928019417097
s__Riemerella_anatipestifer	0.0805240236415934	0.281411202356602	0.778225791653524	0.925770458472594
s__Empedobacter_brevis	0.070143327695089	0.436965617411821	0.874360623061237	0.957400995233654
s__Cloacibacterium_caeni	0.551412516899551	0.254786192216412	0.0449734381427877	0.360636869014749
s__Elizabethkingia_anophelis	-0.638702912653796	0.485527329164383	0.205814328673355	0.574365568390757
s__Chryseobacterium_sp._3008163	-0.515817292206731	0.219148652141687	0.0308773584284263	0.322198522731405
s__Dokdonia_sp._MED134	-0.219536814767053	0.244060703875033	0.380942526084428	0.701312138558157
s__Zunongwangia_profunda	0.213828164020621	0.176516454445816	0.242321183678397	0.600630167215539
s__Croceibacter_atlanticus	-0.136553361451685	0.149810338410985	0.374772404436579	0.699562490782594
s__Gillisia_sp._Hel1_33_143	-0.0240261628789548	0.189569413364139	0.900632617014498	0.968205276969673
s__Euzebyella_marina	0.0257999772995991	0.278270735013759	0.927213552365589	0.979235434841546
s__Leeuwenhoekiella_sp._ZYFB001	0.149971736641691	0.0952392300191647	0.133754844318599	0.530176878064811
s__Muricauda_ruestringensis	0.161651367760829	0.105131452508857	0.142547509556142	0.530176878064811
s__Changchengzhania_lutea	0.179298211727068	0.181493080101681	0.337051661335066	0.694355353823312
s__Oceanihabitans_sp._IOP_32	-0.0439010463864212	0.171784872342462	0.801358340606644	0.932204065302914
s__Galbibacter_sp._BG1	-3.42785532933746e-05	0.150487595611043	0.999820906912696	0.999820906912696
s__Siansivirga_zeaxanthinifaciens	-0.143251140954115	0.223957852490069	0.530936382236386	0.791457961097718
s__Flagellimonas_maritima	0.322655215016957	0.141681471403966	0.035976502123745	0.328928019417097
s__Salegentibacter_salegens	-0.0545348190621461	0.210878863123397	0.79904332078042	0.932204065302914
s__Amniculibacterium_sp._G2-70	0.0947710131218635	0.239420679543448	0.697150633849812	0.896284264324237
s__Antarcticibacterium_flavum	0.185581269572093	0.127167594848959	0.162701869465275	0.538879071479434
s__Psychroflexus_torquis	0.113321533574516	0.181630987913726	0.540968602472813	0.794082352253671
s__Arenibacter_algicola	-0.257420111636208	0.186194166986755	0.184701461611523	0.562226279563246
s__Wenyingzhuangia_fucanilytica	-0.349285053850045	0.24147122580627	0.166227110359724	0.540942460831645
s__Flavivirga_eckloniae	-0.146474084918495	0.213196505855095	0.501324517336922	0.769699590945908
s__Tamlana_carrageenivorans	-0.0302482382985509	0.284324445599787	0.916521165235852	0.974374660715857
s__Aequorivita_sp._KX20305	0.218661430906285	0.195240315251897	0.27830465573066	0.645344129230517
s__Olleya_aquimaris	-0.0885238885489746	0.213374267652205	0.683421179392825	0.890209405993368
s__Nonlabens_sp._Ci31	0.461449372586514	0.243881956744447	0.0756364610456066	0.486469413914782
s__Mariniflexile_sp._TRM1-10	-0.0294608576612166	0.0950667773060223	0.760406302440243	0.9218438892465
s__Gramella_forsetii	0.318155861133287	0.217947655597774	0.162583123058801	0.538879071479434
s__Lutibacter_profundi	-0.0968625505168651	0.186626823222731	0.61043957308285	0.832417599658432
s__Seonamhaeicola_sp._S2-3	-0.215114216876317	0.201976562625029	0.301749398491401	0.669005594807726
s__Maribacter_sp._HTCC2170	-0.45982467671184	0.479894936804319	0.351402917455149	0.695562213492824
s__Winogradskyella_sp._HaHa_3_26	0.38506761740587	0.308514151395407	0.228899118727238	0.582873087475196
s__Urechidicola_croceus	0.130941251895901	0.0763793595738981	0.104635402370921	0.530176878064811
s__Aquimarina_sp._BL5	-0.0591599725003659	0.0907889797894104	0.523358349694626	0.785694231509169
s__Psychroserpens_sp._NJDZ02	0.153452637438255	0.0843243718935164	0.086445991446005	0.515454358932701
s__Myroides_phaeus	-0.0114041635664279	0.0627351152240953	0.857903108855493	0.954343075362473
s__Lacinutrix_sp._5H-3-7-4	-0.0108885058281369	0.0718083310642732	0.881261401926829	0.959196083729882
s__Algibacter_sp._L1A34	0.103920216092243	0.35716085162469	0.774600403255592	0.923106880907541
s__Capnocytophaga_gingivalis	-0.438709716632974	0.459980161919685	0.353572138018015	0.695562213492824
s__Formosa_sp._Hel1_31_208	-0.403992456334863	0.429099345537803	0.359641639257642	0.695562213492824
s__Kordia_antarctica	0.366581013722665	0.141526285582445	0.0190624602891765	0.28243795638491
s__Cellulophaga_lytica	-0.205952475382634	0.357956630869702	0.572588143899291	0.809550247633754
s__Tenacibaculum_sp._SZ-18	-0.163161787557646	0.42080584668116	0.703022969829324	0.896284264324237
s__Polaribacter_sp._L12M9	-0.779264903196206	0.316587198301456	0.0248272477351438	0.300765405493767
s__Flavobacterium_johnsoniae	-0.711588557641366	0.207055279102578	0.00314743023686095	0.174713559395876
s__Hydrogenophilus_thermoluteolus	0.044382285844525	0.412716793052288	0.915622006448549	0.974374660715857
s__Bdellovibrio_sp._ZAP7	-0.191412884023579	0.391851571933269	0.631449100147031	0.853790332593168
s__Halobacteriovorax_sp._BALOs_7	0.80073685293644	0.308051570360131	0.0187048109831989	0.28243795638491
s__Silvanigrella_aquatica	-0.316858387978224	0.28509208379921	0.281857638533437	0.646023104561322
s__Fluviispira_sanaruensis	-0.256251125031049	0.370618486242247	0.498639146529451	0.769699590945908
s__Hippea_maritima	0.180013522575375	0.143348559654956	0.226183488385337	0.582873087475196
s__Desulfarculus_baarsii	-0.0274414068861252	0.155345966739508	0.861873021414151	0.954733114677309
s__Persicimonas_caeni	0.166970493528769	0.109852477436785	0.146903176630458	0.530176878064811
s__Candidatus_Desulfofervidus_auxilii	-0.0569080105936137	0.224176053678908	0.802653085589088	0.932204065302914
s__Desulfoglaeba_alkanexedens	0.166970493528769	0.109852477436785	0.146903176630458	0.530176878064811
s__Syntrophobacter_fumaroxidans	0.160627252850963	0.253098937147929	0.534110426592816	0.791647126535623
s__Desulfolutivibrio_sulfoxidireducens	-0.0625101951351922	0.207057134286832	0.76639167284364	0.9218438892465
s__Lawsonia_intracellularis	0.0443087377849793	0.0808189336997867	0.59064984170547	0.818266210310615
s__Desulfovibrio_ferrophilus	-0.404998290382297	0.197442664851959	0.0559837281033151	0.404811001626507
s__Desulfopila_sp._IMCC35005	0.185688913843086	0.148765522894171	0.228876768889534	0.582873087475196
s__Desulfotalea_psychrophila	0.155999887895651	0.100255840370487	0.138123298721013	0.530176878064811
s__Desulfobacula_toluolica	0.200848116348508	0.163553859582876	0.23616974867163	0.593515598755929
s__Desulfobacter_hydrogenophilus	0.0135527971133532	0.158879280197205	0.933017492135982	0.982151636646533
s__Desulfonema_magnum	0.188622531844834	0.25825532215988	0.475108477683182	0.765275400295058
s__Desulfatibacillum_aliphaticivorans	0.0217305994747092	0.121146946860465	0.859764694193514	0.954733114677309
s__Desulfosarcina_alkanivorans	-0.395088050523307	0.200903273491585	0.0657785294278794	0.432516357881947
s__Sandaracinus_amylolyticus	0.166970493528769	0.109852477436785	0.146903176630458	0.530176878064811
s__Labilithrix_luteola	0.151672353111506	0.252094265590887	0.555346968479979	0.805336993566133
s__Vulgatibacter_incomptus	0.155999887895651	0.100255840370487	0.138123298721013	0.530176878064811
s__Anaeromyxobacter_dehalogenans	-0.142017923556099	0.191192467833137	0.46774336280588	0.759786173085693
s__Haliangium_ochraceum	0.240508035654696	0.234316665344349	0.319076478271923	0.681536316952276
s__Minicystis_rosea	-0.0231339018710423	0.138769014517137	0.869566636560742	0.955987473192055
s__Chondromyces_crocatus	0.169936140808493	0.362726506562186	0.645380638170854	0.864107967425412
s__Sorangium_cellulosum	-0.274712709096219	0.128279543342544	0.0470117785592744	0.361050459335227
s__Stigmatella_aurantiaca	0.186039709821693	0.253006336180874	0.472170325624568	0.763103556564959
s__Cystobacter_fuscus	0.342845867466462	0.19779752389146	0.101137500410253	0.530176878064811
s__Archangium_violaceum	-0.0921889458709738	0.337672622371162	0.788132199796173	0.931781911089071
s__Pyxidicoccus_sp._SCPEA002	0.333441752947834	0.355162562686502	0.360960322202313	0.695562213492824
s__Myxococcus_xanthus	-0.116716519619432	0.292032620366259	0.694376751170562	0.896284264324237
s__Corallococcus_coralloides	0.253664953152353	0.285130963081586	0.386073884714675	0.701312138558157
s__Geoalkalibacter_subterraneus	0.149971736641691	0.0952392300191647	0.133754844318599	0.530176878064811
s__Geobacter_sp._FeAm09	-0.308370066293596	0.156383776374042	0.0651201528612228	0.431140322391544
s__Pelobacter_propionicus	-0.466394222372353	0.689435605017586	0.507832021144938	0.769881395319123
s__Desulfuromonas_soudanensis	-0.529651528393619	0.441743299702048	0.246973341523428	0.604832673118599
s__Nitrosophilus_alvini	0.0452765119394546	0.223744464307445	0.8420387038474	0.947009187311721
s__Nautilia_sp._PV-1	0.0420056694977273	0.25350290531323	0.8703469287186	0.955987473192055
s__Caminibacter_mediatlanticus	-0.0143613260891375	0.0972887869041861	0.884382921028026	0.959330626199892
s__Candidatus_Sulfurimonas_marisnigri	0.0180113755487879	0.0593806250618543	0.7653260642685	0.9218438892465
s__Helicobacter_pylori	1.89521226573426	1.00813614497802	0.0773693129455838	0.48654048857417
s__Sulfurospirillum_cavolei	-0.152488838403102	0.16110365440389	0.357141190208532	0.695562213492824
s__Campylobacter_jejuni	0.310134100991067	0.566024433101166	0.590871825419995	0.818266210310615
s__Poseidonibacter_lekithochrous	-0.0051055635784422	0.221954133402444	0.981915898041517	0.997135505664142
s__Pseudoarcobacter_acticola	0.0412080870913104	0.0832260759826986	0.626844036578278	0.851160219399077
s__Halarcobacter_bivalviorum	0.0682537869390678	0.288299028504208	0.815682667181235	0.937790850891
s__Arcobacter_defluvii	-0.167178352081961	0.219064722740337	0.455836892615934	0.757954030619726
s__Malaciobacter_molluscorum	0.0766543098118693	0.0750610474721027	0.321461160442329	0.681536316952276
s__Aliarcobacter_lanthieri	-0.475943412648003	0.168039638211363	0.0114951282879608	0.241559909651606
s__Candidatus_Kinetoplastibacterium_crithidii	0.161651367760829	0.105131452508857	0.142547509556142	0.530176878064811
s__Candidatus_Kinetoplastibacterium_blastocrithidii	-0.159730947669351	0.166322052637519	0.350329737103108	0.695562213492824
s__Candidatus_Kinetoplastibacterium_sorsogonicusi	0.244062952753642	0.176538100495633	0.184713924652748	0.562226279563246
s__Chitinibacter_fontanus	0.163583200818859	0.232333363005201	0.490910833110111	0.769699590945908
s__Paludibacterium_yongneupense	-0.152488838403102	0.16110365440389	0.357141190208532	0.695562213492824
s__Chromobacterium_violaceum	0.225684941219479	0.167148149476651	0.194652257423906	0.563720966599565
s__Iodobacter_fluviatilis	0.373801145310249	0.248602432553838	0.151032034727449	0.531419193364985
s__Vitreoscilla_sp._C1	0.173958157400733	0.137654220751016	0.223381161428913	0.582873087475196
s__Kingella_oralis	-0.33848426365045	0.405010315101326	0.414892411458929	0.722020713725169
s__Simonsiella_muelleri	0.279621156257444	0.118059817644813	0.0299749043913174	0.322198522731405
s__Alysiella_filiformis	0.18127503895885	0.123067125855463	0.159031182208279	0.538130430279882
s__Neisseria_mucosa	-0.505113770220939	0.686325005706805	0.471783459914916	0.763103556564959
s__Candidatus_Methylopumilus_universalis	0.173958157400733	0.137654220751016	0.223381161428913	0.582873087475196
s__Candidatus_Nitrotoga_sp._AM1P	0.173961526777662	0.251999410154494	0.499306938100554	0.769699590945908
s__Nitrosomonas_eutropha	-0.232589716157033	0.335167481564846	0.497087136375902	0.769699590945908
s__Azoarcus_sp._DN11	0.477508859261993	0.356408439171996	0.197952563732905	0.563720966599565
s__Aromatoleum_aromaticum	-0.303926813663626	0.611411375980887	0.625492617295195	0.850528204820661
s__Fluviibacter_phosphoraccumulans	-0.512578911337274	0.25449626749945	0.0601042179311301	0.410561669073333
s__Turicimonas_muris	0.205228643550817	0.217996556331217	0.359670832339356	0.695562213492824
s__Sphaerotilus_natans	-0.164648428800265	0.202036102631132	0.426373602465047	0.727031364771661
s__Xylophilus_rhododendri	-0.305676780702801	0.27274896531485	0.277987742062045	0.645344129230517
s__Rhizobacter_sp._AJA081-3	-0.166562802130211	0.171287893685347	0.34447843609506	0.695562213492824
s__Rhizobacter_gummiphilus	0.171994193905447	0.114414368645206	0.151122333113168	0.531419193364985
s__Methylibium_sp._Pch-M	0.189691822423819	0.131125907741	0.166185206745069	0.540942460831645
s__Rubrivivax_gelatinosus	-0.0863246618690937	0.423546870682431	0.840918948887363	0.947009187311721
s__Mitsuaria_sp._7	0.00829904610598998	0.175783912659643	0.962894754982567	0.993980822477498
s__Thiomonas_intermedia	0.187058053667662	0.606182224940378	0.761387512478437	0.9218438892465
s__Glaciimonas_sp._PAMC28666	-0.215495341358921	0.446480615563556	0.63549835942036	0.85445157569124
s__Duganella_sp._AF9R3	-0.037468874637741	0.214712269241451	0.863528118129424	0.955054139866644
s__Undibacterium_sp._KW1	-0.0558349519683135	0.560081377714768	0.921755997610026	0.976219259067459
s__Massilia_oculi	-0.442235055048896	0.402652095632418	0.287383644040429	0.647625113330545
s__Collimonas_arenae	0.669006459110302	0.262837792405865	0.02091016955994	0.290924098225253
s__Herbaspirillum_huttiense	-0.179903299524551	0.378436021525698	0.640562511178499	0.860055959064837
s__Bordetella_pseudohinzii	-0.831313521529258	0.500874789308013	0.115302563853812	0.530176878064811
s__Alcaligenes_faecalis	-0.163199044539276	0.364248735609039	0.65977969669237	0.876056028803147
s__Achromobacter_xylosoxidans	0.442705137588779	0.53002712772033	0.415161910391972	0.722020713725169
s__Verminephrobacter_eiseniae	0.0249404363374358	0.35326454723896	0.944540084288073	0.988831495001691
s__Polaromonas_sp._JS666	-0.0308903625949727	0.144975394504568	0.833804152818177	0.945043667893094
s__Simplicispira_suum	-0.154501197613224	0.213344682654926	0.47880028681001	0.766860455963683
s__Hydrogenophaga_sp._BA0156	0.163970337789513	0.236975671806752	0.498324253214563	0.769699590945908
s__Ottowia_sp._oral_taxon_894	-0.508291652111907	0.548993433950272	0.367476010206603	0.697620028481494
s__Schlegelella_thermodepolymerans	0.480527452260962	0.238696394258698	0.0602142631509502	0.410561669073333
s__Diaphorobacter_sp._HDW4B	-0.131241978509407	0.206635295527484	0.533794543265783	0.791647126535623
s__Comamonas_testosteroni	-0.420152067014382	0.36190296407562	0.261704563835048	0.626524641600115
s__Delftia_acidovorans	-0.134843425534371	0.522514084187116	0.799453744284679	0.932204065302914
s__Rhodoferax_sp._AJA081-3	-0.563410132960796	0.165971394036374	0.0034476726898465	0.174713559395876
s__Acidovorax_avenae	0.0269221150346208	0.47187410677235	0.955167735707172	0.992356025789167
s__Variovorax_paradoxus	-0.386470690851284	0.247273006672493	0.136491640682731	0.530176878064811
s__Kinneretia_sp._DAIF2	-0.56347298668639	0.16962885812671	0.00403558302950557	0.176098168560243
s__Ephemeroptericola_cinctiostellae	0.599846011966657	0.203828055455368	0.00909559964107232	0.212115892903963
s__Chitinimonas_arctica	0.166970493528769	0.109852477436785	0.146903176630458	0.530176878064811
s__Lautropia_mirabilis	0.380162057306258	0.180400539100558	0.0502422484970872	0.373895802769021
s__Paraburkholderia_aromaticivorans	-0.342602769281705	0.33746865252979	0.324235956994696	0.682602014725676
s__Pandoraea_pnomenusa	-0.789324282087479	0.34301506648552	0.0343091423820298	0.328928019417097
s__Cupriavidus_taiwanensis	-0.463151789415632	0.167394812255571	0.0131940874557679	0.254626210999971
s__Burkholderia_pseudomallei	-0.80878712351334	0.256360137892896	0.00578199138015171	0.208271699260048
s__Ralstonia_solanacearum	-0.733439097172633	0.218005565722578	0.00368129042977281	0.176098168560243
s__Polynucleobacter_sp._MG-Unter2-18	-0.782813670318138	0.190063359739134	0.000717127461001088	0.174713559395876
s__Luteithermobacter_gelatinilyticus	0.575406679180951	0.530854980258602	0.29353236129561	0.655504532038469
s__Candidatus_Paracaedibacter_acanthamoebae	0.161651367760829	0.105131452508857	0.142547509556142	0.530176878064811
s__Candidatus_Cytomitobacter_indipagum	-0.00156988934814246	0.211913050251529	0.994175425829801	0.998406929551337
s__endosymbiont_of_Acanthamoeba_sp._UWC8	-0.00353385284342854	0.197789311466484	0.985953173327342	0.997381503049788
s__Candidatus_Pelagibacter_sp._RS40	0.48280528962529	0.343520047912431	0.177895323860262	0.559706592954565
s__Candidatus_Fonsibacter_ubiquis	-0.0879436612626186	0.201746361815422	0.668385445502907	0.881387400663174
s__Hyphobacterium_sp._CCMP332	0.155999887895651	0.100255840370487	0.138123298721013	0.530176878064811
s__Marinicauda_algicola	-0.144296707803521	0.247596920329355	0.567686254102594	0.806181662630902
s__Glycocaulis_alkaliphilus	-0.744786416802896	0.296574995828031	0.0224232152969756	0.294880639521871
s__Caulobacter_vibrioides	-0.00937941180001399	0.294367695512735	0.974952481833726	0.996983751693969
s__Asticcacaulis_excentricus	-0.0231434577071863	0.213120733914592	0.914796634598155	0.974374660715857
s__Brevundimonas_sp._Bb-A	-0.626558864078955	0.16655313634627	0.00155418817636957	0.174713559395876
s__Polymorphobacter_sp._PAMC_29334	-0.36038127500628	0.267170332078183	0.195069712414351	0.563720966599565
s__Sphingosinicella_microcystinivorans	-0.00372151276283099	0.410937740974697	0.99287976636918	0.998406929551337
s__Zymomonas_mobilis	-0.0850460355890333	0.222259082446604	0.706725927089491	0.898618397358823
s__Erythrobacter_neustonensis	0.192489589899216	0.456359205096098	0.678460970193501	0.889036697655305
s__Altererythrobacter_sp._TH136	-0.179325247125959	0.475027411109404	0.710469890267405	0.900992199018109
s__Novosphingopyxis_iocasae	0.674299316344372	0.28607445308575	0.0306703981274672	0.322198522731405
s__Sphingopyxis_sp._EG6	0.538016636526624	0.403169938682336	0.199651175670679	0.563720966599565
s__Sphingobium_yanoikuyae	0.178114645700012	0.400157281410633	0.661854730937866	0.876386954069451
s__Sphingorhabdus_sp._JK6	0.233803799027201	0.288865759695701	0.429476992161047	0.731024667508166
s__Sphingomonas_sp._C8-2	0.0948858855292968	0.16680629178572	0.576904122627455	0.812550523432953
s__Candidatus_Deianiraea_vastatrix	0.185688913843086	0.148765522894171	0.228876768889534	0.582873087475196
s__Candidatus_Phycorickettsia_trachydisci	0.00472509287531805	0.153309290930723	0.975771522462588	0.996983751693969
s__Rickettsia_asiatica	0.0358917148975255	0.0606902173961692	0.562039918099244	0.806059753052648
s__Orientia_tsutsugamushi	0.334642308256873	0.187768892585936	0.0925849480967572	0.530176878064811
s__Wolbachia_endosymbiont_of_Ctenocephalides_felis_wCfeT	-0.283415249531808	0.409973643140555	0.498708801254157	0.769699590945908
s__Candidatus_Neoehrlichia_mikurensis	-0.0228783929189694	0.116489613303191	0.846626900748071	0.947115392249862
s__Ehrlichia_ruminantium	0.0892717354119444	0.10929510013997	0.425344254450818	0.727031364771661
s__Rhodobacter_capsulatus	0.231197024267961	0.245280521263587	0.35909815622115	0.695562213492824
s__Rhodobaca_barguzinensis	-0.12771973467376	0.143679806921272	0.386452209684651	0.701312138558157
s__Pontivivens_sp._MT2928	0.166570190627662	0.255897461071377	0.523796154339446	0.785694231509169
s__Paraoceanicella_profunda	-0.0612856933529325	0.189339383147779	0.750127032191498	0.916185688172822
s__Haematobacter_massiliensis	0.147681947546306	0.317435853377409	0.647667968770784	0.864758344951256
s__Boseongicola_sp._CCM32	0.325396607214215	0.142613764082701	0.0356673908714608	0.328928019417097
s__Thioclava_nitratireducens	0.204487595473944	0.145675670939311	0.178406476504267	0.559706592954565
s__Cereibacter_sphaeroides	0.143540906050909	0.204378067476528	0.49197866737079	0.769699590945908
s__Rhodovulum_sulfidophilum	0.226116881271312	0.240034092925164	0.359377711713948	0.695562213492824
s__Paracoccus_jeotgali	0.404037438921371	0.475785117677406	0.407569203018401	0.714336856970428
s__Oceanicola_sp._D3	0.205228643550817	0.217996556331217	0.359670832339356	0.695562213492824
s__Dinoroseobacter_shibae	0.23667151721479	0.251079528641185	0.359081421918804	0.695562213492824
s__Octadecabacter_temperatus	0.452904090865425	0.166863228049021	0.0147308332502916	0.254626210999971
s__Salipiger_pacificus	0.161651367760829	0.105131452508857	0.142547509556142	0.530176878064811
s__Sulfitobacter_sp._D7	0.333038100824579	0.149638950359587	0.0398607749956313	0.34166378567684
s__Roseovarius_indicus	0.035894872107218	0.318718216229421	0.911648980688536	0.974374660715857
s__Roseivivax_sp._THAF30	-0.71846788552602	0.315353868571543	0.0359076387122141	0.328928019417097
s__Phaeobacter_inhibens	-1.12594207150488	0.37462308860693	0.00796022379210718	0.208271699260048
s__Mameliella_alba	-0.466701535449781	0.172804671414866	0.0151514253481007	0.254626210999971
s__Candidatus_Hodgkinia_cicadicola	-0.0219563328109596	0.246498801734196	0.930065028241227	0.981167502320415
s__Devosia_sp._A16	0.269369929466748	0.296217713768328	0.3758704389559	0.699562490782594
s__Aureimonas_populi	0.201009252819158	0.142217181932841	0.175588770568696	0.556767720319996
s__Hyphomicrobium_denitrificans	0.161651367760829	0.105131452508857	0.142547509556142	0.530176878064811
s__Methyloligella_sp._GL2	0.00471917033542905	0.163655167364727	0.977331162276142	0.996983751693969
s__Labrenzia_sp._CP4	-0.0588257298809437	0.224764565949177	0.796680804664967	0.932204065302914
s__Stappia_indica	0.511142337988292	0.19134596558623	0.0161107783683933	0.257772453894293
s__Pannonibacter_phragmitetus	-0.423714684228609	0.574803341651602	0.471085098085214	0.763103556564959
s__Bosea_sp._Tri-49	0.219340426492584	0.232894375124485	0.359485993653512	0.695562213492824
s__Microvirga_ossetica	-0.0192107314758347	0.15020585871563	0.899732023984085	0.968205276969673
s__Methylorubrum_extorquens	0.478614967992623	0.45142521617034	0.303871389256598	0.671081287300648
s__Methylobacterium_radiodurans	-0.575969336664938	0.392775283148701	0.160790917307091	0.538879071479434
s__Phyllobacterium_sp._628	-0.0378924925115243	0.188912664891632	0.84340547225669	0.947009187311721
s__Mesorhizobium_sp._M8A.F.Ca.ET.057.01.1.1	1.77506493336532	0.491364459170366	0.0021496763361324	0.174713559395876
s__Bartonella_australis	0.221584335217435	0.37622354171687	0.563626616415676	0.806059753052648
s__Chelatococcus_sp._CO-6	-0.354878499571391	0.188894435098362	0.0775423903665083	0.48654048857417
s__Xanthobacter_sp._YN2	-0.0944142779102525	0.297558521897545	0.754882419812255	0.918488115360919
s__Labrys_sp._KNU-23	-0.450441160901614	0.197660034606048	0.0358664163528683	0.328928019417097
s__Brucella_pseudogrignonensis	-0.565159025033928	0.184897847017799	0.00713775782719323	0.208271699260048
s__Shinella_sp._HZN7	0.625106272769385	0.254439253075371	0.0250637837911473	0.300765405493767
s__Liberibacter_crescens	0.207837149775876	0.149025511408369	0.181082321320252	0.562226279563246
s__Sinorhizobium_fredii	0.734926247471159	0.539343159052978	0.19077858641149	0.563720966599565
s__Neorhizobium_sp._SOG26	-0.0480397975586786	0.162650976159158	0.771299562675842	0.923106880907541
s__Ensifer_alkalisoli	0.396365121110195	0.518722556252353	0.455272835612034	0.757954030619726
s__Agrobacterium_larrymoorei	0.142907256316364	0.519293074888193	0.786482636584532	0.931781911089071
s__Rhizobium_leguminosarum	-0.151623334623306	0.494010219679373	0.762629309029438	0.9218438892465
s__Rhodopseudomonas_palustris	0.223298407268589	0.408403902384856	0.591649639063687	0.818266210310615
s__Bradyrhizobium_erythrophlei	-0.529238422430254	0.181773242073069	0.00972197842476498	0.212115892903963
s__Elioraea_sp._MS-P2	0.167468264706286	0.131661742509098	0.220513099767386	0.582873087475196
s__Thalassospira_marina	0.174077962766417	0.224800967963674	0.449351514930558	0.757366683036012
s__Tistrella_mobilis	0.161651367760829	0.105131452508857	0.142547509556142	0.530176878064811
s__Hypericibacter_adhaerens	0.338292985327907	0.256936774162982	0.205434722729509	0.574365568390757
s__Candidatus_Endolissoclinum_faulkneri	-0.134231448380882	0.195197727773075	0.500936750011588	0.769699590945908
s__Niveispirillum_cyanobacteriorum	-0.148427409693345	0.206031753635932	0.481061699042764	0.76841802176548
s__Azospirillum_sp._TSH58	0.00324084537065686	0.401373789083452	0.99365164285479	0.998406929551337
s__Entomobacter_blattae	-0.12771973467376	0.143679806921272	0.386452209684651	0.701312138558157
s__Bombella_sp._KACC_21507	0.155999887895651	0.100255840370487	0.138123298721013	0.530176878064811
s__Komagataeibacter_oboediens	0.157269278049013	0.28152355720285	0.58369407787556	0.81327476743184
s__Lichenicola_cladoniae	-0.402393739102031	0.429490306938582	0.361925339445549	0.695562213492824
s__Roseomonas_sp._1318	-0.483767818584526	0.474569127185018	0.322309883225347	0.681536316952276
s__Acetobacter_pasteurianus	-0.449015327029363	0.274574646282055	0.120362693747513	0.530176878064811
s__Granulibacter_bethesdensis	-0.540783998931407	0.224849271865971	0.0278379875019901	0.31440550590483
s__Solimonas_sp._K1W22B-7	-0.136553361451685	0.149810338410985	0.374772404436579	0.699562490782594
s__Methylococcus_sp._EFPC2	0.0417043072537605	0.24597484392885	0.867367570261195	0.9559591804049
s__Methylomicrobium_sp._wino1	0.149971736641691	0.0952392300191647	0.133754844318599	0.530176878064811
s__Candidatus_Thioglobus_autotrophicus	-0.12771973467376	0.143679806921272	0.386452209684651	0.701312138558157
s__Candidatus_Thioglobus_sp._NP1	-0.018458415882237	0.17698502949254	0.918156892381893	0.97503386801617
s__Candidatus_Ruthia_endofausta	0.0906844894800703	0.296660875889183	0.763556728028004	0.9218438892465
s__Bathymodiolus_thermophilus_thioautotrophic_gill_symbiont	-0.124920917634676	0.208326205812987	0.556654144214118	0.806015050445781
s__Candidatus_Reidiella_endopervernicosa	-0.189497623404122	0.205378021682181	0.369086175254987	0.698861396932519
s__Allochromatium_tepidum	0.155999887895651	0.100255840370487	0.138123298721013	0.530176878064811
s__Rheinheimera_sp._LHK132	-0.111200351348072	0.38039089280225	0.773570678275261	0.923106880907541
s__Wenzhouxiangella_sp._AB-CW3	0.396499304106786	0.397999389333785	0.333107752831485	0.6905218735058
s__Succinivibrio_dextrinosolvens	0.166970493528769	0.109852477436785	0.146903176630458	0.530176878064811
s__Zobellella_denitrificans	0.173958157400733	0.137654220751016	0.223381161428913	0.582873087475196
s__Oceanisphaera_profunda	0.19102921526685	0.153925819110477	0.231441734498759	0.583160275902384
s__Dongshaea_marina	0.155999887895651	0.100255840370487	0.138123298721013	0.530176878064811
s__Aeromonas_caviae	0.345410734333152	0.602019806849697	0.573648067037804	0.809856094641605
s__Zhongshania_aliphaticivorans	-0.0602085676340901	0.203681914476164	0.771114983564647	0.923106880907541
s__Agarilytica_rhodophyticola	0.0912128895783021	0.275935743705449	0.745017126423703	0.91459902988076
s__Cellvibrio_japonicus	-0.0154026775335965	0.449987061835973	0.973093112855593	0.996983751693969
s__Microbulbifer_hydrolyticus	-0.634221893850065	0.206622089788529	0.00694384863250038	0.208271699260048
s__Frischella_perrara	-0.356320898063461	0.202067242574659	0.0958006462830021	0.530176878064811
s__Gilliamella_apicola	-0.613271997410732	0.202351734232188	0.00754360325790883	0.208271699260048
s__Thiothrix_sp.	0.275426349559054	0.324085703571687	0.407214959673825	0.714336856970428
s__Hydrogenovibrio_crunogenus	0.161651367760829	0.105131452508857	0.142547509556142	0.530176878064811
s__Thiosulfativibrio_zosterae	-0.0908756449116324	0.193427021234756	0.64445475570772	0.864073415474039
s__Thiomicrorhabdus_indica	-0.512508120916321	0.378919506393555	0.193917086385247	0.563720966599565
s__Piscirickettsia_salmonis	0.113887469442066	0.10306823105864	0.284565914247309	0.646023104561322
s__Allofrancisella_guangzhouensis	0.164700502214732	0.185587194485615	0.387216929737935	0.701374061412109
s__Francisella_philomiragia	0.0242681938323108	0.0573794688928288	0.677639245903756	0.889036697655305
s__Endozoicomonas_montiporae	-0.0308903625949727	0.144975394504568	0.833804152818177	0.945043667893094
s__Spartinivicinus_ruber	0.155999887895651	0.100255840370487	0.138123298721013	0.530176878064811
s__Oleiphilus_messinensis	0.165787760644536	0.218540879915249	0.458473995659137	0.758150068060817
s__Kangiella_geojedonensis	0.0261914878930213	0.235835048121807	0.912870621228333	0.974374660715857
s__Alcanivorax_sp._N3-2A	0.370622314338829	0.268351977956248	0.185133004518508	0.562226279563246
s__Neptunomonas_japonica	0.221550332469145	0.184334151357782	0.24588000440137	0.603695151471395
s__Marinomonas_foliarum	0.17827632210437	0.441149714535835	0.691164830050039	0.896284264324237
s__Halotalea_alkalilenta	0.173958157400733	0.137654220751016	0.223381161428913	0.582873087475196
s__Kushneria_marisflavi	0.189621183330196	0.232060466893631	0.425163950171331	0.727031364771661
s__Candidatus_Portiera_aleyrodidarum	-0.273565256183761	0.431322586369567	0.534361810411546	0.791647126535623
s__Candidatus_Carsonella_ruddii	-0.0646491226518112	0.241294613272838	0.791979972493064	0.932204065302914
s__Halomonas_elongata	1.01264116752219	0.645185108381409	0.134947972056151	0.530176878064811
s__Salinivibrio_kushneri	0.11530277950129	0.282512944710523	0.688270640799197	0.895311402665622
s__Paraphotobacterium_marinum	-0.27695807483655	0.169744249703205	0.121144412025006	0.530176878064811
s__Grimontia_hollisae	-0.153804922123136	0.429119549614071	0.724441392964279	0.909102924504193
s__Aliivibrio_fischeri	-0.273843997367647	0.364052067442211	0.462213020101624	0.758150068060817
s__Photobacterium_damselae	0.326236988118559	0.172662588634203	0.0760108459241847	0.486469413914782
s__Vibrio_parahaemolyticus	-0.609830563998237	0.206896834242925	0.00900695377532323	0.212115892903963
s__Idiomarina_sp._OT37-5b	0.149971736641691	0.0952392300191647	0.133754844318599	0.530176878064811
s__Moritella_marina	-0.247160518239747	0.361651675219952	0.503549606915726	0.769757360890282
s__Glaciecola_amylolytica	0.155999887895651	0.100255840370487	0.138123298721013	0.530176878064811
s__Catenovulum_sp._CCB-QB4	0.141903902050228	0.168375374799972	0.411051022893302	0.717470876322854
s__Marinobacter_salsuginis	0.398706141959068	0.350013456822379	0.270452144181079	0.641071749169964
s__Alteromonas_macleodii	-0.332730348784311	0.290173580291687	0.2674059022973	0.635419965854971
s__Paraglaciecola_sp._L1A13	0.221790416919045	0.183211058170524	0.242621664991131	0.600630167215539
s__Thalassotalea_crassostreae	0.180013522575375	0.143348559654956	0.226183488385337	0.582873087475196
s__Cognaticolwellia_beringensis	0.31369097101064	0.138964664232673	0.0374338958691399	0.335855514339946
s__Colwellia_sp._20A7	-0.594053044097085	0.452761512782083	0.206939481276039	0.575831600072457
s__Parashewanella_spongiae	-0.185905151446786	0.19097034911142	0.343965625795321	0.695562213492824
s__Shewanella_putrefaciens	0.057054580996516	0.383167191983433	0.88338261350952	0.959329535032963
s__Flocculibacter_collagenilyticus	0.173958157400733	0.137654220751016	0.223381161428913	0.582873087475196
s__Psychrosphaera_aestuarii	0.19102921526685	0.153925819110477	0.231441734498759	0.583160275902384
s__Pseudoalteromonas_arabiensis	-0.166300607940297	0.400432598981155	0.683115119918312	0.890209405993368
s__Luteibacter_pinisoli	0.620109023702971	0.376185952053862	0.117624408265543	0.530176878064811
s__Rhodanobacter_denitrificans	-0.253108546345329	0.355135600041175	0.485693864460208	0.769699590945908
s__Dyella_japonica	0.308350669586876	0.134574100917002	0.0349885546976629	0.328928019417097
s__Dokdonella_koreensis	0.323706190227935	0.209558954754431	0.140829361250073	0.530176878064811
s__Arenimonas_daejeonensis	-0.00253386910948922	0.24521342281854	0.991875646717257	0.998406929551337
s__Xylella_fastidiosa	-0.0308903625949727	0.144975394504568	0.833804152818177	0.945043667893094
s__Pseudolysobacter_antarcticus	0.155999887895651	0.100255840370487	0.138123298721013	0.530176878064811
s__Pseudoxanthomonas_suwonensis	0.155999887895651	0.100255840370487	0.138123298721013	0.530176878064811
s__Thermomonas_brevis	0.496767280588691	0.486706005433724	0.321716138032498	0.681536316952276
s__Lysobacter_enzymogenes	0.517815130555043	0.461270949513539	0.277219539130471	0.645344129230517
s__Xanthomonas_sacchari	-0.618854904355723	0.529623997844515	0.258738887159111	0.622529653315155
s__Stenotrophomonas_maltophilia	0.0778705717467625	0.699944760890296	0.912719124656154	0.974374660715857
s__Rodentibacter_heylii	0.173958157400733	0.137654220751016	0.223381161428913	0.582873087475196
s__Avibacterium_paragallinarum	0.155999887895651	0.100255840370487	0.138123298721013	0.530176878064811
s__Actinobacillus_porcitonsillarum	0.215440914660795	0.30684888721042	0.492114066451362	0.769699590945908
s__Histophilus_somni	-0.189135431824419	0.332798342947994	0.577249434355493	0.812550523432953
s__Bisgaardia_hudsonensis	-0.129105509783266	0.512226139008146	0.804026006323763	0.932204065302914
s__Mannheimia_sp._USDA-ARS-USMARC-1261	0.138007328212815	0.106375081188278	0.211836069488184	0.582873087475196
s__Aggregatibacter_segnis	-0.432747202016743	0.182455368753658	0.0297745969856556	0.322198522731405
s__Pasteurella_multocida	-0.617541795882626	0.181990882810295	0.00345787252971005	0.174713559395876
s__Haemophilus_parainfluenzae	0.346084625318307	0.460065188594995	0.462189480224286	0.758150068060817
s__Glaesserella_sp._15-184	-0.411523837669659	0.203481469326817	0.0591574569545278	0.410561669073333
s__Candidatus_Coxiella_mudrowiae	-0.0365714207480443	0.18235551302782	0.843430057449501	0.947009187311721
s__Candidatus_Rickettsiella_viridis	-0.826368877880767	0.47165636151859	0.0977809898620041	0.530176878064811
s__Fluoribacter_dumoffii	-0.269601168355476	0.188207144018565	0.170141507338754	0.549952346953548
s__Legionella_pneumophila	-0.589268279985782	0.186825077411623	0.00579154640785119	0.208271699260048
s__Psychrobacter_sp._DAB_AL43B	0.369129364996655	0.487442785751349	0.459252162512986	0.758150068060817
s__Moraxella_osloensis	-0.33555118764491	0.207066675807988	0.123524987906563	0.530176878064811
s__Acinetobacter_baumannii	-0.441427583079938	0.186863431898122	0.0303496532379284	0.322198522731405
s__Entomomonas_sp._F2A	-0.112790937193601	0.261440716160788	0.67158379774336	0.884390186328704
s__Pseudomonas_aeruginosa	-0.510597218149675	0.199405091527705	0.020262646944326	0.286060898037543
s__Plesiomonas_shigelloides	0.342351181663449	0.157158720078899	0.0437432426531017	0.358918914076731
s__Limnobaculum_parvum	0.0136604413843463	0.176630597938852	0.939256799511318	0.986527929464841
s__Pragia_fontium	-0.276121289304981	0.440272260354552	0.53888684796618	0.792747513156948
s__Brenneria_izadpanahii	-0.308039638117195	0.505696403487837	0.550486550060005	0.80337357999575
s__Pectobacterium_parmentieri	-0.286491489433011	0.454917915016151	0.537221211411493	0.792215611298054
s__Dickeya_zeae	-0.660706120357553	0.505468048121675	0.208577690447321	0.578712667137076
s__Edwardsiella_tarda	0.139604799793582	0.0899307624607858	0.138993571386643	0.530176878064811
s__Hafnia_alvei	-0.370320743201802	0.426155299582241	0.396960672630834	0.708331311757621
s__Yersinia_frederiksenii	-0.0251439825669031	0.41561347582334	0.952464170731665	0.991719743928849
s__Serratia_marcescens	0.159692018243164	0.533228240200806	0.76820324103875	0.9218438892465
s__Xenorhabdus_bovienii	0.328046636233368	0.151296648692615	0.044621215955488	0.360636869014749
s__Arsenophonus_nasoniae	-0.205844911264176	0.297943404447092	0.498963200150783	0.769699590945908
s__Morganella_morganii	0.0574906301486716	0.101936189079025	0.580128374054663	0.813026626412374
s__Photorhabdus_asymbiotica	0.0808280311688063	0.0825214312927218	0.341077585763682	0.695562213492824
s__Providencia_rettgeri	0.342903239645849	0.370542002485465	0.367703890012121	0.697620028481494
s__Proteus_mirabilis	-0.362912717112152	0.327083469362993	0.282645977735559	0.646023104561322
s__Mixta_calida	0.173958157400733	0.137654220751016	0.223381161428913	0.582873087475196
s__Pantoea_vagans	-0.0513117184891892	0.320334030499916	0.874625700854078	0.957400995233654
s__Candidatus_Erwinia_haradaeae	-0.40100732607234	0.36307309654925	0.284772612233794	0.646023104561322
s__Buchnera_aphidicola	-0.499005797547157	0.185140368789432	0.0153251516780329	0.254626210999971
s__Enterobacteriaceae_endosymbiont_of_Donacia_provostii	0.19102921526685	0.153925819110477	0.231441734498759	0.583160275902384
s__Enterobacteriaceae_endosymbiont_of_Donacia_fulgens	0.209704977969322	0.172372949342014	0.240386888190515	0.600630167215539
s__Shimwellia_blattae	-0.0498688741541104	0.190354424468796	0.796485536230868	0.932204065302914
s__Shigella_flexneri	-0.210590834204373	0.204083371262699	0.316583219819408	0.67991027075309
s__Enterobacteriaceae_endosymbiont_of_Donacia_clavipes	-0.235498878624912	0.223090443921414	0.305913458985951	0.672029566651059
s__Candidatus_Hamiltonella_defensa	-0.185004534326136	0.184874502939561	0.331002268317166	0.6905218735058
s__Cronobacter_sakazakii	0.341712682012129	0.384043474768279	0.386004782526159	0.701312138558157
s__Kosakonia_sp._MUSA4	-0.243429858194929	0.315358335918296	0.450762763794436	0.757366683036012
s__Buttiauxella_sp._3AFRM03	-0.351416630963424	0.400475331325739	0.392448433475662	0.704206534834832
s__Candidatus_Purcelliella_pentastirinorum	-0.0330928867513029	0.152815744833241	0.831133181540771	0.945043667893094
s__secondary_endosymbiont_of_Heteropsylla_cubana	0.106060946179799	0.15189109508187	0.49445031037411	0.769699590945908
s__Blochmannia_endosymbiont_of_Polyrhachis_(Hedomyrma)_turneri	0.123325918406147	0.294536150999604	0.680668721642343	0.889036697655305
s__Enterobacteriaceae_endosymbiont_of_Donacia_crassipes	-0.0492201721543614	0.169492662318517	0.77502515209529	0.923106880907541
s__Enterobacteriaceae_endosymbiont_of_Neohaemonia_nigricornis	0.149971736641691	0.0952392300191647	0.133754844318599	0.530176878064811
s__Enterobacteriaceae_endosymbiont_of_Macroplea_mutica	0.544160336638376	0.2539702917287	0.0469112670225675	0.361050459335227
s__Enterobacteriaceae_endosymbiont_of_Donacia_proxima	0.176753565334058	0.118817940803159	0.155170099343608	0.535839191977928
s__Enterobacteriaceae_endosymbiont_of_Plateumaris_rustica	0.135155131649571	0.2128336835267	0.533865378565041	0.791647126535623
s__Enterobacteriaceae_endosymbiont_of_Donacia_sparganii	-0.421109604174021	0.377471572786647	0.280112957254287	0.646023104561322
s__Pluralibacter_gergoviae	0.333709096155066	0.480252056148105	0.496529856599166	0.769699590945908
s__Kluyvera_intermedia	0.364723511131424	0.22556343694765	0.124294063334535	0.530176878064811
s__Lelliottia_amnigena	-0.659845690176989	0.455861096155946	0.165955198952778	0.540942460831645
s__Candidatus_Profftia_tarda	-0.0501970793877332	0.167571497769219	0.768147268764203	0.9218438892465
s__Leclercia_adecarboxylata	0.0722466558961816	0.0987205698440727	0.474241179224291	0.765162238748437
s__Candidatus_Tachikawaea_gelatinosa	0.299375915892118	0.19300701466632	0.139290595060634	0.530176878064811
s__Candidatus_Gullanella_endobia	-0.153970676985563	0.206603226835981	0.466301239437694	0.759786173085693
s__Cedecea_neteri	-0.0667976754267225	0.337043653108256	0.845249392045561	0.947115392249862
s__Enterobacteriaceae_endosymbiont_of_Donacia_marginata	0.453152736861343	0.259992606400467	0.0994008237818949	0.530176878064811
s__Enterobacteriaceae_endosymbiont_of_Donacia_bicoloricornis	0.360099528891517	0.265399117675142	0.192582274585459	0.563720966599565
s__Enterobacter_cloacae	-0.757323912584205	0.54126206429007	0.179739846434618	0.562052939990987
s__Citrobacter_freundii	-0.516232610046293	0.199992524015563	0.0194176095014625	0.28243795638491
s__Escherichia_coli	-0.734407419898836	0.20930129174975	0.00269187670041261	0.174713559395876
s__Salmonella_enterica	-0.33634227262603	0.182011166842836	0.0820885235870857	0.495628821657876
s__Klebsiella_sp._LY	-0.445939247010228	0.168409312700087	0.0169125643906546	0.261871964758523
s__Fimbriimonas_ginsengisoli	0.313071523841192	0.284203975479944	0.285999811915168	0.646023104561322
s__Deinococcus_ficus	0.406190943450431	0.264001662632518	0.142308871176354	0.530176878064811
s__Thermus_thermophilus	0.442647591035003	0.296132232434449	0.153307172249975	0.535839191977928
s__Meiothermus_ruber	0.47168177401394	0.265558671983626	0.0936022546705251	0.530176878064811
s__Ktedonosporobacter_rubrisoli	0.116517964717094	0.152858566716164	0.45635148926896	0.757954030619726
s__Pelolinea_submarina	-3.42785532933746e-05	0.150487595611043	0.999820906912696	0.999820906912696
s__Chloroflexus_aggregans	0.149971736641691	0.0952392300191647	0.133754844318599	0.530176878064811
s__Roseiflexus_castenholzii	0.0905318850520097	0.223126634732348	0.689993169399465	0.896284264324237
s__Candidatus_Promineofilum_breve	-0.152469414976187	0.272523642767545	0.583136212340589	0.81327476743184
s__Dehalogenimonas_lykanthroporepellens	0.903828580307962	0.262717313077355	0.00312298256901268	0.174713559395876
s__Dehalococcoides_mccartyi	0.0785201453004343	0.0958210920499829	0.423872448537921	0.727031364771661
s__Candidatus_Izimaplasma_sp._HR1	0.155999887895651	0.100255840370487	0.138123298721013	0.530176878064811
s__Candidatus_Phytoplasma_australiense	0.202150976420998	0.267387528139565	0.459984457153587	0.758150068060817
s__Acholeplasma_palmae	-0.0167778341132977	0.289331937020454	0.954434207158783	0.992356025789167
s__Ureaplasma_urealyticum	0.203269567429855	0.231108364948515	0.391371048293925	0.704206534834832
s__Mycoplasmopsis_felis	0.262309665349603	0.15971891685203	0.118890916503168	0.530176878064811
s__Mycoplasma_mycoides	0.115586671990793	0.378293082847646	0.763658573275772	0.9218438892465
s__Entomoplasma_luminosum	0.0748431550143053	0.226092976579715	0.744668493065971	0.91459902988076
s__Mesoplasma_florum	0.487437603164252	0.290395001793753	0.11152881992923	0.530176878064811
s__Spiroplasma_cantharicola	0.0561222966226215	0.0906909087925397	0.544231996211955	0.796437067627252
s__Chroococcidiopsis_thermalis	0.180013522575375	0.143348559654956	0.226183488385337	0.582873087475196
s__cyanobacterium_endosymbiont_of_Epithemia_turgida	0.0877557877158327	0.23697394093884	0.715718870200219	0.905968821506257
s__cyanobacterium_endosymbiont_of_Rhopalodia_gibberula	0.280575426301089	0.192395914039913	0.162979507743822	0.538879071479434
s__Pleurocapsa_sp._PCC_7327	0.161651367760829	0.105131452508857	0.142547509556142	0.530176878064811
s__Stanieria_sp._NIES-3757	-0.131041489424784	0.180996086828242	0.47891038400443	0.766860455963683
s__Stanieria_cyanosphaera	-0.166677357999986	0.570150068074498	0.773564922005051	0.923106880907541
s__Geitlerinema_sp._PCC_7407	-0.144784036861975	0.155608627636422	0.365170162083733	0.695562213492824
s__[Phormidium]_sp._ETS-05	-0.292093909358769	0.31711832686423	0.369891641794587	0.699007827013392
s__Crinalium_epipsammum	0.0558613717348094	0.0999909353379243	0.583675348147695	0.81327476743184
s__Oscillatoria_nigro-viridis	0.166970493528769	0.109852477436785	0.146903176630458	0.530176878064811
s__Oscillatoria_acuminata	-0.022122281118185	0.15791984905877	0.890238799170171	0.962420323427212
s__Moorea_producens	0.688329291577637	0.472438380497287	0.163347718542203	0.538879071479434
s__Planktothrix_rubescens	0.212015040117263	0.225206437523937	0.35967349878891	0.695562213492824
s__Oxynema_sp._AP17	-0.157647953800973	0.180620366162072	0.394925976965794	0.706781622802522
s__Microcoleus_sp._PCC_7113	-0.0945231539892453	0.375019621121293	0.804025488431099	0.932204065302914
s__Trichodesmium_erythraeum	-0.350688838157506	0.462974244495928	0.459140113137265	0.758150068060817
s__Cyanobacterium_aponinum	-0.130816689063593	0.198027247462211	0.517721569965922	0.780239728677056
s__Crocosphaera_subtropica	0.19102921526685	0.153925819110477	0.231441734498759	0.583160275902384
s__Euhalothece_natronophila	0.273131263562998	0.112703821560117	0.0268220752562046	0.312095592869212
s__Rippkaea_orientalis	0.161651367760829	0.105131452508857	0.142547509556142	0.530176878064811
s__Candidatus_Atelocyanobacterium_thalassa	0.303031543818936	0.132324107562056	0.035074955066066	0.328928019417097
s__Gloeothece_citriformis	-0.275137284510066	0.237896822065457	0.263454622685286	0.629145367606653
s__Gloeothece_verrucosa	-0.126954485908903	0.187941175360484	0.508442504825337	0.769881395319123
s__Microcystis_aeruginosa	0.397321450261311	0.460265312511615	0.400018503280419	0.710553227489831
s__Chondrocystis_sp._NIES-4102	0.0644046652102788	0.0953001633425975	0.508252116257986	0.769881395319123
s__Geminocystis_herdmanii	0.15511931356598	0.182901693402813	0.408164219421081	0.714336856970428
s__Geminocystis_sp._NIES-3709	0.544857331471774	0.239882659742821	0.0364068942200272	0.329722815577605
s__Geminocystis_sp._NIES-3708	0.0766933360706689	0.109482398496792	0.493086752768801	0.769699590945908
s__Gloeocapsa_sp._PCC_7428	0.332703503221861	0.391555768533736	0.407301571504519	0.714336856970428
s__Pseudanabaena_sp._ABRG5-3	-0.0274414068861252	0.155345966739508	0.861873021414151	0.954733114677309
s__Pseudanabaena_sp._PCC_7367	-0.110003138854683	0.235962871840497	0.646998525721242	0.864758344951256
s__Acaryochloris_marina	-0.912225254351136	0.32989467515242	0.0132390638872563	0.254626210999971
s__Thermoleptolyngbya_sp._PKUAC-SCTB121	0.226428030064629	0.539553099111998	0.679990580423346	0.889036697655305
s__Cyanobium_sp._NIES-981	0.250077118683665	0.326762500235112	0.454576991447924	0.757954030619726
s__Thermosynechococcus_elongatus	-0.437450742857826	0.180728279877761	0.0269832648001506	0.312095592869212
s__Synechococcus_sp._Minos11	-0.19898184859288	0.228189487315776	0.395355970255161	0.706781622802522
s__Synechococcus_elongatus	0.0032259133776287	0.396546273319054	0.993603965424137	0.998406929551337
s__Synechococcus_sp._PCC_7002	0.0952247211162559	0.662777357325817	0.887446263346045	0.96066232128948
s__Synechococcus_sp._RS9909	0.171994193905447	0.114414368645206	0.151122333113168	0.531419193364985
s__Synechococcus_sp._PROS-U-1	0.166970493528769	0.109852477436785	0.146903176630458	0.530176878064811
s__Synechococcus_sp._NIES-970	0.166970493528769	0.109852477436785	0.146903176630458	0.530176878064811
s__Synechococcus_sp._BIOS-E4-1	0.496547995356742	0.373455804186828	0.201215869346449	0.566472828658625
s__Synechococcus_sp._WH_8109	-0.415602577517029	0.426319084476016	0.343297197112162	0.695562213492824
s__Synechococcus_sp._PCC_7003	-0.0383611744671802	0.352409641597004	0.914592898254256	0.974374660715857
s__Leptolyngbya_boryana	0.166970493528769	0.109852477436785	0.146903176630458	0.530176878064811
s__Leptolyngbya_sp._15MV	0.250202786021428	0.35321411329965	0.488321753171271	0.769699590945908
s__Leptolyngbya_sp._7M	-0.435906843389652	0.175835666131729	0.0239515562601035	0.300414266526286
s__Prochlorococcus_sp._MIT_0801	0.537895299570883	0.291866472736607	0.0828441440510475	0.497064864306285
s__Prochlorococcus_marinus	-0.543634688242014	0.185537264146867	0.00934719553788732	0.212115892903963
s__Chamaesiphon_minutus	-0.49577706940312	0.165861892062199	0.00824408809571025	0.208271699260048
s__Brasilonema_sennae	-0.280009110251526	0.191313098539987	0.161543927892067	0.538879071479434
s__Scytonema_sp._HK-05	-0.259436885373181	0.313969269698605	0.420073173877947	0.727031364771661
s__Scytonema_sp._NIES-4073	-0.875718329949309	0.642055815865734	0.190377855348409	0.563720966599565
s__Nodularia_spumigena	-0.163484488293661	0.217622272782213	0.462787437378791	0.758150068060817
s__Sphaerospermopsis_kisseleviana	0.749493035309576	0.229134296031189	0.00450348844421342	0.18797169158456
s__Fischerella_sp._NIES-3754	-0.460147275051925	0.330000134019233	0.181158346637319	0.562226279563246
s__Fischerella_sp._NIES-4106	-0.829178912986428	0.293093871356327	0.0115747456708061	0.241559909651606
s__Tolypothrix_sp._PCC_7910	0.354745517264674	0.275739419549298	0.215505016809193	0.582873087475196
s__Microchaete_diplosiphon	-0.311046382973388	0.281957782355245	0.285326914651364	0.646023104561322
s__Rivularia_sp._PCC_7116	0.0134412725146197	0.336917276745812	0.968641723361515	0.995632211067151
s__Calothrix_sp._NIES-2098	-0.605325990988602	0.274922372743995	0.0417758716796784	0.351147914666689
s__Calothrix_sp._PCC_7507	0.296177527452467	0.244730872170555	0.242754692582947	0.600630167215539
s__Calothrix_sp._NIES-2100	0.190742539623778	0.231142380536973	0.420678217137023	0.727031364771661
s__Calothrix_brevissima	0.65285311885572	0.552131933040438	0.253312952053792	0.617209223278274
s__Calothrix_parasitica	-0.37994432666939	0.350585913924781	0.293611404975564	0.655504532038469
s__Calothrix_sp._PCC_6303	0.0423871218493125	0.0723980219843274	0.565921118289047	0.806059753052648
s__Calothrix_sp._336/3	-0.508537411578413	0.201672119704087	0.0219540433100784	0.2939776142871
s__Cylindrospermum_stagnale	0.0962382561999971	0.247874158338923	0.702646768834566	0.896284264324237
s__Trichormus_azollae	0.284637461885874	0.193119894374554	0.158787825556517	0.538130430279882
s__Anabaena_cylindrica	0.0331299634273266	0.243426029327417	0.893341932851065	0.964688701391477
s__Anabaena_sp._90	0.339194887543578	0.287908135840754	0.254971829684453	0.617785631810182
s__Anabaena_sp._WA102	0.21720042699165	0.158480239851555	0.188351079324481	0.563720966599565
s__Richelia_sinica	-0.186849461581213	0.295303142266178	0.535323950302324	0.791850527411758
s__Nostoc_sp._C052	0.0933403784994283	0.165435574607037	0.579979741549562	0.813026626412374
s__Nostoc_sp._UHCC_0702	0.135670506237102	0.149238837552584	0.376014838795644	0.699562490782594
s__Nostoc_sp._TCL26-01	0.117310210302857	0.15644131200164	0.463586763907435	0.75816574676514
s__Nostoc_sp._ATCC_53789	-0.0708546507016425	0.457621050549978	0.878776732009413	0.957905884913231
s__Nostoc_sp._PCC_7524	-0.29182258846956	0.390516411321968	0.465109795132138	0.75936293082798
s__Nostoc_sp._PCC_7107	-0.567175045600193	0.535196756999436	0.304083708308106	0.671081287300648
s__Nostoc_linckia	0.0579336827883116	0.159659127518321	0.721182767728549	0.908576715248566
s__Nostoc_punctiforme	0.0771035117152796	0.241689250863417	0.753598428626451	0.918089456194661
s__Nostoc_sphaeroides	0.380767468230191	0.224193589937792	0.107661282967962	0.530176878064811
s__Nostoc_edaphicum	0.081029025830162	0.0781715889009141	0.314464345751689	0.678394993082296
s__Nostoc_flagelliforme	-0.0184588404020124	0.492050344686398	0.970512084229826	0.996461605198538
s__Nostoc_sp._Peltigera_membranacea_cyanobiont_N6	0.0936293971704815	0.389373856456032	0.812848405462915	0.935652840820621
s__Nostoc_sp._NIES-4103	-0.128353119587176	0.501861091994246	0.80120947166369	0.932204065302914
s__Nostoc_sp._Lobaria_pulmonaria_(5183)_cyanobiont	0.147781999450257	0.15782379837064	0.362193578702583	0.695562213492824
s__Nostoc_sp._CENA543	-0.464773667475305	0.179604972481911	0.0191588902685991	0.28243795638491
s__Nostoc_sp._NIES-3756	-0.459388931789889	0.164557334520064	0.0125230795022916	0.254626210999971
s__Aquihabitans_sp._G128	-0.0713413254048859	0.211893156751649	0.740474662826287	0.91459902988076
s__Rubrobacter_sp._SCSIO_52915	0.312851349345125	0.134646925240466	0.0328090241582722	0.328928019417097
s__Olsenella_uli	0.149971736641691	0.0952392300191647	0.133754844318599	0.530176878064811
s__Arabia_massiliensis	0.161651367760829	0.105131452508857	0.142547509556142	0.530176878064811
s__Euzebya_pacifica	0.149971736641691	0.0952392300191647	0.133754844318599	0.530176878064811
s__Egibacter_rhizosphaerae	0.258025977410837	0.143038595530683	0.0889977475345311	0.527394059463888
s__Miltoncostaea_oceani	0.191840707330099	0.43748584385325	0.66654031153272	0.88016327245036
s__Natronoglycomyces_albus	-0.118575251320722	0.446727436021009	0.793869481928918	0.932204065302914
s__Catenulispora_acidiphila	-0.401190890103519	0.368456684145153	0.29141935312082	0.653650885504642
s__Frankia_sp._QA3	0.103844035412495	0.245371814235384	0.677446898906932	0.889036697655305
s__Jiangella_alkaliphila	-0.093439154625462	0.47673572686906	0.846935648908692	0.947115392249862
s__Gardnerella_vaginalis	-0.16547508772603	0.509337202659715	0.74923338059483	0.916185688172822
s__Bifidobacterium_pseudolongum	0.800928545892419	0.324996198102559	0.0246774145733461	0.300765405493767
s__Streptomonospora_sp._M2	0.166970493528769	0.109852477436785	0.146903176630458	0.530176878064811
s__Nocardiopsis_dassonvillei	0.36708658228319	0.173165495730771	0.0490349045843712	0.369918413290402
s__Thermomonospora_amylolytica	0.18127503895885	0.123067125855463	0.159031182208279	0.538130430279882
s__Actinomadura_sp._NAK00032	-0.302376492299394	0.332443957042397	0.375772204672833	0.699562490782594
s__Thermobispora_bispora	-0.140129933091619	0.199683434569744	0.492325093526461	0.769699590945908
s__Nonomuraea_sp._ATCC_55076	-0.536481283180011	0.389284749644259	0.186035942979636	0.562226279563246
s__Streptosporangium_sp._caverna	0.508723468242867	0.455831062242602	0.27993442586547	0.646023104561322
s__Actinopolymorpha_singaporensis	-0.298253393370685	0.543587264300367	0.590361664982675	0.818266210310615
s__Nocardioides_sp._MC1495	0.579787548721226	0.258630133549258	0.0386078304422881	0.340032268115565
s__Auraticoccus_monumenti	-0.183032475515558	0.215977424583111	0.408511390079963	0.714336856970428
s__Microlunatus_sp._KUDC0627	0.130983068456345	0.203238150401572	0.527865100442619	0.789108315043161
s__Acidipropionibacterium_acidipropionici	0.171994193905447	0.114414368645206	0.151122333113168	0.531419193364985
s__Cutibacterium_acnes	-0.703312096153391	0.411724948879505	0.105791175998154	0.530176878064811
s__Polymorphospora_rubra	0.100766620696273	0.300728862881585	0.741667885680412	0.91459902988076
s__Phytohabitans_flavus	0.211067113173732	0.152272591008975	0.183625806429718	0.562226279563246
s__Plantactinospora_sp._BB1	0.398969306103501	0.193989268303281	0.0554023157916747	0.404811001626507
s__Catellatospora_sp._IY07-71	0.191743482876054	0.371853071559727	0.612744565192666	0.834375578134694
s__Micromonospora_echinofusca	-0.247942636924043	0.439009856909043	0.57960249867221	0.813026626412374
s__Actinoplanes_sp._N902-109	0.206093802542944	0.117815857432405	0.0982708775985133	0.530176878064811
s__Salinispora_tropica	-0.773848510800315	0.359681419421461	0.0461065996994268	0.361050459335227
s__Flaviflexus_salsibiostraticola	0.292206634295343	0.439088123427802	0.514668813805815	0.776858586876701
s__Schaalia_odontolytica	0.182888028469839	0.508997122539789	0.723787011562894	0.909102924504193
s__Actinomyces_oris	-0.248239499574996	0.215769906026032	0.265871931285112	0.633342565840464
s__Allokutzneria_albata	0.167468264706286	0.131661742509098	0.220513099767386	0.582873087475196
s__Kibdelosporangium_phytohabitans	0.149971736641691	0.0952392300191647	0.133754844318599	0.530176878064811
s__Alloactinosynnema_sp._L-07	0.260554593103832	0.231639373582979	0.276293228418044	0.645344129230517
s__Lentzea_guizhouensis	0.194605514859739	0.180121055429618	0.295047272653359	0.657181860202377
s__Actinosynnema_pretiosum	-0.519811771156985	0.280996792743776	0.0817916769586457	0.495628821657876
s__Saccharothrix_syringae	-0.292398255233639	0.263631517326008	0.2828238655474	0.646023104561322
s__Saccharopolyspora_erythraea	0.162430259649281	0.268032348357479	0.552514576543169	0.804877076603098
s__Amycolatopsis_albispora	0.461461359137804	0.390160393615185	0.253187312946523	0.617209223278274
s__Kutzneria_sp._CA-103260	-0.670773041676046	0.181711335143066	0.00181126168024709	0.174713559395876
s__Pseudonocardia_sp._AL041005-10	0.809875650375227	0.643336925322407	0.22509138033999	0.582873087475196
s__Dietzia_lutea	0.340483811962433	0.387955098157619	0.392375430630297	0.704206534834832
s__Corynebacterium_segmentosum	-0.124088967806924	0.529670811381016	0.817569241660452	0.93883549281583
s__Nocardia_cyriacigeorgica	0.83243857836771	0.35591482674572	0.031813110300758	0.328393396652986
s__Rhodococcus_globerulus	-0.0121249662453198	0.544222475393092	0.982484478578669	0.997135505664142
s__Mycolicibacillus_koreensis	-0.0811202921885389	0.301721289183285	0.791274349599329	0.932204065302914
s__Mycobacteroides_abscessus	-0.474015407703885	0.256490087005811	0.0820637561494676	0.495628821657876
s__Mycolicibacter_minnesotensis	0.557813593398849	0.242615510559327	0.0344442535130285	0.328928019417097
s__Mycolicibacterium_aurum	0.208861456945049	0.541384591584484	0.704436427876139	0.896895186685801
s__Mycobacterium_mantenii	0.0180011663209956	0.411691711197638	0.9656332023022	0.994643641856343
s__Streptacidiphilus_sp._PB12-B1b	0.219507623083818	0.266307439029864	0.421204433778872	0.727031364771661
s__Kitasatospora_sp._NA04385	-0.733985982600217	0.372151316263373	0.0650711293406076	0.431140322391544
s__Streptomyces_sp._Tu_2975	-0.360628395547422	0.166725166526967	0.0450796086268437	0.360636869014749
s__Georgenia_faecalis	-0.140129933091619	0.199683434569744	0.492325093526461	0.769699590945908
s__Xylanimonas_cellulosilytica	0.173958157400733	0.137654220751016	0.223381161428913	0.582873087475196
s__Ornithinimicrobium_pratense	0.149971736641691	0.0952392300191647	0.133754844318599	0.530176878064811
s__Brachybacterium_faecium	-0.171583072086458	0.264472952776836	0.525152821538523	0.786500325549114
s__Brevibacterium_sp._JNUCC-42	-0.0108697961122091	0.38782290803701	0.977966434312627	0.996983751693969
s__Arsenicicoccus_sp._oral_taxon_190	0.197391820752944	0.1386438074454	0.172619313773222	0.55238180407431
s__Cellulomonas_flavigena	-0.00648401393690735	0.283499216302499	0.98201919900716	0.997135505664142
s__Dermatophilus_congolensis	-0.210945562637719	0.365115651720776	0.571006904494046	0.808505351495994
s__Rathayibacter_sp._VKM_Ac-2760	-0.163484488293661	0.217622272782213	0.462787437378791	0.758150068060817
s__Humibacter_sp._WJ7-1	-0.174190316269191	0.209252418876345	0.416701498796799	0.723387773679796
s__Clavibacter_michiganensis	0.173958157400733	0.137654220751016	0.223381161428913	0.582873087475196
s__Microcella_alkaliphila	0.166970493528769	0.109852477436785	0.146903176630458	0.530176878064811
s__Microbacterium_caowuchunii	0.240585422197877	0.182559563797387	0.205038950618547	0.574365568390757
s__Curtobacterium_flaccumfaciens	0.336373248065255	0.491210062805077	0.502710045336546	0.769699590945908
s__Candidatus_Aquiluna_sp._UB-MaderosW2red	-0.324230620418076	0.31063545826684	0.31120998973329	0.675578452616716
s__Agromyces_sp._G127AT	-0.686100384524065	0.364791019851215	0.0772419927863165	0.48654048857417
s__Leifsonia_xyli	0.386351660634062	0.244695067284532	0.132782123040318	0.530176878064811
s__Microterricola_viridarii	0.471508068403325	0.243990412253744	0.0701372580989266	0.458039236564418
s__Protaetiibacter_intestinalis	0.198299635799784	0.522651255468691	0.709080338651089	0.900419477652176
s__Rothia_mucilaginosa	-0.277032843921751	0.697265181864803	0.696080442067013	0.896284264324237
s__Kocuria_varians	-0.0558388187560876	0.207049072116317	0.790645951323826	0.932204065302914
s__Micrococcus_luteus	-0.527908197365708	0.746740506834986	0.489175510418047	0.769699590945908
s__Arthrobacter_sp._KBS0702	-0.497628395412578	0.199991660147194	0.023506189867477	0.300414266526286
s__Ndongobacter_massiliensis	0.180013522575375	0.143348559654956	0.226183488385337	0.582873087475196
s__endosymbiont_TC1_of_Trimyema_compressum	-0.0262704648451259	0.18311764413721	0.887611957274759	0.96066232128948
s__Turicibacter_sp._H121	0.426551321991083	0.210150829551491	0.0583353675697696	0.410561669073333
s__Intestinibaculum_porci	0.166970493528769	0.109852477436785	0.146903176630458	0.530176878064811
s__Erysipelothrix_rhusiopathiae	-0.246670572088385	0.223157866507033	0.284400876786254	0.646023104561322
s__Longicatena_caecimuris	-0.254016520066515	0.264470171717018	0.350279989326928	0.695562213492824
s__Amedibacterium_intestinale	0.0347561718397941	0.308931976976122	0.911741376665164	0.974374660715857
s__Faecalibacillus_intestinalis	0.168808556385913	0.377897806651092	0.660726941261814	0.876102021562626
s__[Clostridium]_innocuum	0.0950830991367835	0.364188216014248	0.797165582308466	0.932204065302914
s__Phascolarctobacterium_faecium	0.342430618005936	0.397029536287958	0.400426350074998	0.710553227489831
s__Dialister_pneumosintes	0.299913092255364	0.126220556228696	0.0295172502301954	0.322198522731405
s__Veillonella_parvula	-0.700690686225524	0.594706730059122	0.254942223599653	0.617785631810182
s__Pectinatus_frisingensis	-0.12771973467376	0.143679806921272	0.386452209684651	0.701312138558157
s__Selenomonas_sp._oral_taxon_136	0.321396128079994	0.151827654548087	0.0493224551053869	0.369918413290402
s__Megamonas_funiformis	0.0111423204141394	0.0719733816795686	0.878792959122161	0.957905884913231
s__Methylomusa_anaerophila	0.155999887895651	0.100255840370487	0.138123298721013	0.530176878064811
s__Pelosinus_sp._UFO1	0.402964978795071	0.11188600687895	0.00220140322410588	0.174713559395876
s__Ezakiella_massiliensis	0.0507038414664926	0.268195323264783	0.852287908047889	0.951391153169736
s__Sedimentibacter_sp._zth1	0.0110735191003398	0.111897471212232	0.922326563902554	0.976219259067459
s__Gottschalkia_acidurici	0.0172368583917826	0.111264844909331	0.878710903079183	0.957905884913231
s__Helcococcus_kunzii	0.141828086077721	0.180856610498197	0.443712167436552	0.751258696188871
s__Peptoniphilus_harei	-0.191995643917368	0.212254758387986	0.378343163597089	0.701312138558157
s__Finegoldia_magna	-0.366350832365597	0.341283942753556	0.298071451647194	0.662381003660432
s__Parvimonas_micra	0.0231402217424139	0.112839196197884	0.839950833340729	0.947009187311721
s__Anaerococcus_prevotii	0.0888972196826497	0.0891420189747352	0.332625374856853	0.6905218735058
s__Schnuerera_ultunensis	0.537962391150396	0.2447168045977	0.0420645939444472	0.351147914666689
s__Tissierellia_sp._JN-28	-0.130583511732127	0.220989176588149	0.562359096333546	0.806059753052648
s__Keratinibaculum_paraultunense	3.61608835712292	0.543222386591306	4.04677898763452e-06	0.00388490782812914
s__Koleobacter_methoxysyntrophicus	0.149971736641691	0.0952392300191647	0.133754844318599	0.530176878064811
s__Biomaibacter_acetigenes	0.0162921058426235	0.19901612040457	0.93571158698109	0.98388074863291
s__Tepidanaerobacter_acetatoxydans	-0.0411535342578036	0.179034007986162	0.820940251015332	0.940514314292096
s__Natranaerobius_thermophilus	0.106349726916069	0.217421949617247	0.630993754451002	0.853790332593168
s__Anoxybacter_fermentans	-0.0537289859559461	0.196685603203745	0.7880119126681	0.931781911089071
s__Halothermothrix_orenii	-0.125032789518162	0.185079395828948	0.508404217928952	0.769881395319123
s__Halanaerobium_praevalens	-0.0439010887968789	0.327567616936479	0.894959455871728	0.965349525434673
s__Halocella_sp._SP3-1	-0.0380149697040446	0.0971553809864806	0.700450938543645	0.896284264324237
s__Acetohalobium_arabaticum	0.514658076471046	0.217565137260353	0.0301526093417557	0.322198522731405
s__Halobacteroides_halobius	0.0764924755066883	0.131670514558055	0.568904428095922	0.806718243681071
s__Mahella_australiensis	-0.12771973467376	0.143679806921272	0.386452209684651	0.701312138558157
s__Ammonifex_degensii	0.219141330540456	0.232564461149192	0.359247293456043	0.695562213492824
s__Caldanaerobacter_subterraneus	0.217771609408183	0.180499742767958	0.244149680544642	0.601314175198223
s__Thermoanaerobacter_italicus	0.228984210763554	0.383360837298874	0.558175039608084	0.806059753052648
s__Carboxydothermus_hydrogenoformans	0.381946025593397	0.363394914765795	0.307947997494759	0.672682779050047
s__Thermodesulfobium_narugense	-0.268672181966304	0.211345004968852	0.220759232654398	0.582873087475196
s__Caldicellulosiruptor_owensensis	0.0573571605844055	0.580036593805025	0.922385917209283	0.976219259067459
s__Thermoanaerobacterium_thermosaccharolyticum	0.0964149446135986	0.0947899645394041	0.323343724803264	0.682219727057436
s__Thermaerobacter_marianensis	-0.164648428800265	0.202036102631132	0.426373602465047	0.727031364771661
s__Fenollaria_sp._EMRHCC_24	-0.144784036861975	0.155608627636422	0.365170162083733	0.695562213492824
s__Alkalicella_caledoniensis	0.345867771532051	0.156015958868781	0.0405540479740268	0.344529965089078
s__Christensenella_sp._Marseille-P3954	0.397417537618739	0.403846890606714	0.338875700328573	0.695562213492824
s__Candidatus_Formimonas_warabiya	-0.0248622113410124	0.147554849984522	0.868182552068561	0.9559591804049
s__Desulfitobacterium_dichloroeliminans	-0.0351462084272527	0.160265946885236	0.82902836541015	0.945043667893094
s__Thermoanaerosceptrum_fracticalcis	0.176753565334058	0.118817940803159	0.155170099343608	0.535839191977928
s__Desulfofarcimen_acetoxidans	-0.00545171624734685	0.261865416793429	0.98363262902494	0.997135505664142
s__Desulfosporosinus_orientis	-0.201880461558607	0.202922281774206	0.333752238861137	0.6905218735058
s__Desulfotomaculum_reducens	0.337486569391629	0.151465718381701	0.0396622843622559	0.34166378567684
s__Desulfallas_gibsoniae	0.361389726009876	0.168497632093739	0.0467139212623162	0.361050459335227
s__Caloranaerobacter_azorensis	-0.251336952502806	0.709582938901334	0.727541477414289	0.909231119222229
s__Eubacterium_sp._NSJ-61	0.0776184254018305	0.368842254604698	0.83582747460747	0.946219782574494
s__Acetobacterium_woodii	0.0180859036672728	0.324302804645428	0.956176379015603	0.992356025789167
s__Candidatus_Syntrophocurvum_alkaliphilum	0.0212668240298126	0.120718837189979	0.862243344192945	0.954733114677309
s__Aminipila_terrae	0.0333120074041491	0.10233432947879	0.748758870845657	0.916185688172822
s__Mogibacterium_diversum	0.173110491829868	0.276261253882957	0.539233464678632	0.792747513156948
s__Petrocella_atlantisensis	-0.152488838403102	0.16110365440389	0.357141190208532	0.695562213492824
s__Vallitalea_pronyensis	-0.0800156245885201	0.285357519957523	0.782550650585881	0.928613874613653
s__Dysosmobacter_sp._Marseille-Q4140	0.24183357670345	0.256560360837526	0.359089674176234	0.695562213492824
s__Oscillibacter_sp._MM50	0.166970493528769	0.109852477436785	0.146903176630458	0.530176878064811
s__Fastidiosipila_sanguinis	0.133873940049433	0.249175154276141	0.598045053892781	0.821349430239012
s__Monoglobus_pectinilyticus	0.342489764050554	0.255687948258096	0.198047034193971	0.563720966599565
s__Thermoclostridium_stercorarium	-0.41728926069084	0.344475398593858	0.242321927893627	0.600630167215539
s__Ruminococcus_sp._JE7A12	-0.313280380638664	0.314058530528056	0.3324988604525	0.6905218735058
s__Pseudoclostridium_thermosuccinogenes	0.0612491201057747	0.0852662296232039	0.482311687091395	0.769134916291925
s__Ruminiclostridium_herbifermentans	0.0547406910399815	0.0711214429671151	0.45205323893712	0.757366683036012
s__Acetivibrio_saccincola	0.0585602614225032	0.0972222331246177	0.554901716434501	0.805336993566133
s__Faecalibacterium_prausnitzii	0.26443607575357	0.451103847982752	0.565445395230663	0.806059753052648
s__Faecalicatena_sp._Marseille-Q4148	-0.191126254264267	0.243352158836568	0.44303424154405	0.751258696188871
s__Pseudobutyrivibrio_xylanivorans	-0.2636175477743	0.354532148821306	0.4672930259386	0.759786173085693
s__Lacrimispora_saccharolytica	-0.166581442102457	0.18875940567384	0.389811516888102	0.704206534834832
s__Enterocloster_bolteae	-0.312791896829116	0.202025811686839	0.139969751751575	0.530176878064811
s__Coprococcus_sp._ART55/1	0.0581320732094695	0.25812709107891	0.824503062197545	0.942259093303707
s__Anaerobutyricum_hallii	0.20539263950068	0.196946725647496	0.3116063932945	0.675578452616716
s__Herbinix_luporum	-0.0309054878503034	0.238116575106532	0.898254813474299	0.967816634046383
s__Butyrivibrio_fibrisolvens	0.114945059725868	0.0800526136197771	0.169185579902658	0.548709988873486
s__Anaerostipes_hadrus	-0.195237637217565	0.217626918968517	0.382183760392186	0.701312138558157
s__Anaerocolumna_cellulosilytica	-0.0289363856129751	0.0837493845014986	0.733948281581464	0.911501100023552
s__[Ruminococcus]_torques	0.150569152518085	0.498895615068282	0.766461635622192	0.9218438892465
s__Roseburia_hominis	-0.0329290313843374	0.0991751395677076	0.743925907541669	0.91459902988076
s__Lachnoclostridium_phytofermentans	-0.102790384001326	0.41200267666391	0.805971688265025	0.933332714999305
s__Cellulosilyticum_lentocellum	0.345549598983993	0.244566073964067	0.175729811725999	0.556767720319996
s__Blautia_producta	0.793290438948184	0.257316535176553	0.00674667606256146	0.208271699260048
s__Lachnoanaerobaculum_umeaense	0.201228196481269	0.138793346588726	0.165301728571121	0.540942460831645
s__Peptoclostridium_acidaminophilum	0.149971736641691	0.0952392300191647	0.133754844318599	0.530176878064811
s__Acetoanaerobium_sticklandii	-0.320275017225343	0.209337949514485	0.14442566634757	0.530176878064811
s__Filifactor_alocis	0.332339208559873	0.225719353762806	0.159196918957798	0.538130430279882
s__Paraclostridium_bifermentans	0.0974622918213141	0.10048014382257	0.345662625412661	0.695562213492824
s__Peptacetobacter_hiranonis	0.146312406515214	0.0783901973802265	0.0793235797884188	0.491294429657303
s__Paeniclostridium_sordellii	-0.278556808029188	0.477193469617531	0.567060667421377	0.806181662630902
s__Clostridioides_difficile	-0.587351269587169	0.186914591787597	0.00593974201360512	0.208271699260048
s__Romboutsia_sp._CE17	-0.254814168944284	0.391299098661776	0.523622942263404	0.785694231509169
s__Caloramator_sp._E03	0.126610904888214	0.0597645150871227	0.0491649127982377	0.369918413290402
s__Geosporobacter_ferrireducens	-0.114628511750307	0.292818098473592	0.700315679625557	0.896284264324237
s__Hungatella_hathewayi	0.195625350433838	0.187639012529824	0.311751306780422	0.675578452616716
s__Candidatus_Arthromitus_sp._SFB-rat-Yit	0.283705444849267	0.250072982460501	0.272333129775732	0.642358242222857
s__Sarcina_sp._JB2	0.0613660766805759	0.0848334702138878	0.479287784977302	0.766860455963683
s__Hathewaya_histolytica	0.149659303740498	0.101423608502668	0.158336407451831	0.538130430279882
s__Crassaminicella_sp._SY095	0.0382561205881176	0.104293639414981	0.718285380263186	0.907307848753498
s__Alkaliphilus_sp._B6464	0.00253775393789113	0.130572869242815	0.984719954068645	0.997184763613818
s__Serpentinicella_alkaliphila	-0.242653592637647	0.500767877751159	0.634170599526454	0.854105537810195
s__Clostridium_botulinum	-0.740500449161222	0.22189286268244	0.0039035257516201	0.176098168560243
s__Suicoccus_acidiformans	-0.276592589520905	0.510977759887557	0.59532360545836	0.8187831822923
s__Aerococcus_christensenii	0.0907822877282073	0.232692960224288	0.701279753457384	0.896284264324237
s__Marinilactibacillus_sp._15R	-0.183032475515558	0.215977424583111	0.408511390079963	0.714336856970428
s__Carnobacterium_maltaromaticum	-0.225022812703542	0.249076551362707	0.378922598875086	0.701312138558157
s__Dolosigranulum_pigrum	0.223178250444655	0.215884267877432	0.315719274770333	0.679575120581883
s__Jeotgalibaca_porci	1.2661152232554	0.423522500236696	0.0082372086148604	0.208271699260048
s__Tetragenococcus_osmophilus	-0.264369810310323	0.254734796622887	0.313889385321032	0.678394993082296
s__Vagococcus_carniphilus	-0.479448805546534	0.275148856937508	0.099479217358479	0.530176878064811
s__Melissococcus_plutonius	-0.04510887996498	0.0740833364180249	0.550645641288754	0.80337357999575
s__Enterococcus_faecium	-0.732015090349251	0.267983513252641	0.0142060321621387	0.254626210999971
s__Apilactobacillus_bombintestini	-0.12771973467376	0.143679806921272	0.386452209684651	0.701312138558157
s__Oenococcus_oeni	0.166970493528769	0.109852477436785	0.146903176630458	0.530176878064811
s__Levilactobacillus_brevis	0.329290298610394	0.240396480262965	0.18857789692116	0.563720966599565
s__Loigolactobacillus_coryniformis	-0.0124444769711526	0.203831815615134	0.952029290210942	0.991719743928849
s__Liquorilactobacillus_hordei	-0.316626461861388	0.194553377897399	0.122031715684066	0.530176878064811
s__Lentilactobacillus_hilgardii	0.214185731733602	0.155422440690427	0.186045920057614	0.562226279563246
s__Fructilactobacillus_sanfranciscensis	-0.447852915530071	0.33296088671331	0.196275615764388	0.563720966599565
s__Paucilactobacillus_oligofermentans	-0.0130801487304284	0.384890705655215	0.973285699901099	0.996983751693969
s__Lacticaseibacillus_rhamnosus	0.277998441729756	0.25393506620783	0.288889895645623	0.649494847353158
s__Leuconostoc_mesenteroides	0.497888045989292	0.317123727992012	0.134837267851711	0.530176878064811
s__Companilactobacillus_alimentarius	0.432354778860397	0.176824160168284	0.0256671524660483	0.304203288486498
s__Weissella_soli	0.00203917035889433	0.27867921621277	0.994246900678207	0.998406929551337
s__Ligilactobacillus_salivarius	-0.142415207429607	0.22963425388782	0.543362287043378	0.796378313834569
s__Pediococcus_pentosaceus	0.382823910784883	0.237240051064084	0.125009194541443	0.530176878064811
s__Lactiplantibacillus_plantarum	-0.227379651453279	0.266205218161969	0.404897001344182	0.714336856970428
s__Latilactobacillus_sakei	-0.61512147039204	0.458523187983186	0.197396436413483	0.563720966599565
s__Lactobacillus_kullabergensis	-0.391718723003326	0.240896778894859	0.122324132789513	0.530176878064811
s__Limosilactobacillus_fermentum	-0.499554436357941	0.185469612985085	0.0153836669145816	0.254626210999971
s__Streptococcus_pneumoniae	-0.619912233463367	0.171855749117125	0.00217481309399554	0.174713559395876
s__Lactococcus_cremoris	-0.342515595997411	0.973488379143933	0.729279126876163	0.909231119222229
s__Polycladomyces_abyssicola	0.166970493528769	0.109852477436785	0.146903176630458	0.530176878064811
s__Staphylospora_marina	-0.00781773568810365	0.165697175387681	0.962918921775076	0.993980822477498
s__Exiguobacterium_alkaliphilum	0.335113902100082	0.212227031871035	0.132753614908549	0.530176878064811
s__Exiguobacterium_sp._Helios	0.171994193905447	0.114414368645206	0.151122333113168	0.531419193364985
s__Alicyclobacillus_ferrooxydans	-0.693425808432033	0.187529170381826	0.00178675135623879	0.174713559395876
s__Brochothrix_thermosphacta	-0.213320574496421	0.207359869709534	0.318014794605687	0.681460274155044
s__Listeria_monocytogenes	0.168664937532911	0.34756082138904	0.633671192367274	0.854105537810195
s__Ureibacillus_thermophilus	-0.24394036962247	0.248943007681318	0.340873649613491	0.695562213492824
s__Solibacillus_silvestris	-0.390760954191343	0.222658732676088	0.0972668282632322	0.530176878064811
s__Paenisporosarcina_antarctica	0.114552705507054	0.209497816390131	0.591624163450155	0.818266210310615
s__Jeotgalibacillus_malaysiensis	0.166970493528769	0.109852477436785	0.146903176630458	0.530176878064811
s__Kurthia_zopfii	0.0127616114233231	0.168881389648612	0.940646906121306	0.986908229373174
s__Planococcus_versutus	0.460396580072241	0.233024524192501	0.0646459628946418	0.431140322391544
s__Rummeliibacillus_stabekisii	0.218202923673817	0.172298638241612	0.222440051900978	0.582873087475196
s__Planomicrobium_glaciei	0.671867390538144	0.206983302542014	0.00475267785745258	0.190107114298103
s__Viridibacillus_sp._JNUCC-6	0.0695956801984956	0.0746574568919138	0.364284466570257	0.695562213492824
s__Sporosarcina_ureae	0.416257719031963	0.247213347219267	0.110491431530848	0.530176878064811
s__Gemella_sanguinis	0.351337133866856	0.227636792141375	0.141140955652887	0.530176878064811
s__Gemella_morbillorum	-0.0115761698145305	0.101073524332783	0.910157805561988	0.974374660715857
s__Gemella_haemolysans	0.201985466089941	0.443054529914803	0.65423666346171	0.869899164713631
s__Gemella_sp._zg-570	0.098262680096587	0.278198321863399	0.728272261671939	0.909231119222229
s__Aneurinibacillus_sp._XH2	0.223769701667679	0.167482710061195	0.199135205309221	0.563720966599565
s__Saccharibacillus_brassicae	-0.239054421688504	0.454110184041259	0.605394730709804	0.827890230030501
s__Brevibacillus_laterosporus	-0.350261608862705	0.499805784662881	0.492912065584459	0.769699590945908
s__Cohnella_abietis	-0.725593456640172	0.28798922865707	0.0220483210715325	0.2939776142871
s__Paenibacillus_yonginensis	-0.498684342427793	0.187447466305719	0.0164805610723859	0.259366207040828
s__Parageobacillus_toebii	-1.69502162086711	0.562903985754173	0.00786443059351243	0.208271699260048
s__Sediminibacillus_sp._DP4-553-S	-0.0308903625949727	0.144975394504568	0.833804152818177	0.945043667893094
s__Salimicrobium_jeotgali	0.155999887895651	0.100255840370487	0.138123298721013	0.530176878064811
s__Radiobacillus_deserti	0.161651367760829	0.105131452508857	0.142547509556142	0.530176878064811
s__Paraliobacillus_zengyii	0.409435753733422	0.296982221043723	0.185874253723929	0.562226279563246
s__Aeribacillus_pallidus	-0.0857476914587245	0.352229791975363	0.810575991786595	0.935652840820621
s__Pradoshia_sp._D12	0.316783237581293	0.137405089119142	0.0340134850143964	0.328928019417097
s__Anaerobacillus_isosaccharinicus	0.354557627257747	0.161703217485723	0.042535386329261	0.352016990311126
s__Bacillus_cohnii	-0.0610268343216434	0.253203138863868	0.812423047857102	0.935652840820621
s__Metabacillus_sp._KUDC1714	-0.117254799259795	0.338226251885359	0.733089129350641	0.911501100023552
s__Anoxybacillus_caldiproteolyticus	0.504337325842022	0.263945774063573	0.0730495306741833	0.47383479356227
s__Halobacillus_litoralis	-0.118852846934957	0.270782922626783	0.666244932867335	0.88016327245036
s__Alkalihalobacillus_krulwichiae	-0.555252967554884	0.320371113825009	0.101166903132251	0.530176878064811
s__Rossellomorea_vietnamensis	-0.347011753106633	0.394798402905703	0.391678165271756	0.704206534834832
s__Pontibacillus_sp._ALD_SL1	0.455269550509631	0.358218747111131	0.220871468318091	0.582873087475196
s__Lederbergia_lentus	-0.15709484943349	0.401230544194849	0.700267809872074	0.896284264324237
s__Mesobacillus_foraminis	0.0139160669555401	0.279279367066073	0.960839840005064	0.9939722482811
s__Neobacillus_cucumis	0.0151981485005435	0.301060097590028	0.960326614496999	0.9939722482811
s__Weizmannia_coagulans	0.321431270188306	0.199685746381482	0.125877486662331	0.530176878064811
s__Lentibacillus_sp._CBA3610	-0.210598640171574	0.225055693525069	0.362499193095628	0.695562213492824
s__Fictibacillus_arsenicus	0.300520782246613	0.366800007310328	0.423950752640087	0.727031364771661
s__Heyndrickxia_oleronia	-0.00999937549589458	0.228480571375595	0.96560194556498	0.994643641856343
s__Psychrobacillus_glaciei	0.373352722521122	0.272988494788014	0.189231524960301	0.563720966599565
s__Caldibacillus_thermoamylovorans	-0.205178362502416	0.266316226812351	0.451618864555534	0.757366683036012
s__Niallia_circulans	-0.0205477175854464	0.105209413894259	0.847470960356908	0.947115392249862
s__Gracilibacillus_sp._SCU50	-0.0769069489190029	0.444346361878292	0.864633500270616	0.95517624886052
s__Evansella_cellulosilytica	0.0965785130481158	0.111547985199925	0.398653021563902	0.710031355661124
s__Oceanobacillus_kimchii	-0.122731539261272	0.544755449881834	0.824434629885676	0.942259093303707
s__Cytobacillus_oceanisediminis	-0.449098256051915	0.369435359599382	0.240736804698753	0.600630167215539
s__Peribacillus_simplex	-0.0301817630989428	0.0904383104318046	0.742666290377596	0.91459902988076
s__Lysinibacillus_sphaericus	-0.279311872288904	0.51211450537417	0.592557111059892	0.818266210310615
s__Virgibacillus_necropolis	0.383765584141517	0.418433104559324	0.371893207104923	0.699562490782594
s__Priestia_megaterium	-0.562262691798799	0.1797060079573	0.00611512895806956	0.208271699260048
s__Amphibacillus_xylanus	-0.438128785118455	0.170976749260761	0.020183387424506	0.286060898037543
s__Bacillus_thuringiensis	-0.584168920814036	0.187555407583735	0.00630349496302818	0.208271699260048
s__Abyssicoccus_albus	0.185688913843086	0.148765522894171	0.228876768889534	0.582873087475196
s__Nosocomiicoccus_ampullae	-0.294469673874279	0.179562530860643	0.119391583100616	0.530176878064811
s__Jeotgalicoccus_sp._WY2	0.21240839148363	0.247297615935691	0.402334892890021	0.71262268851369
s__Macrococcus_canis	0.167242361651963	0.178512530769282	0.361947186652043	0.695562213492824
s__Mammaliicoccus_lentus	0.423933779576769	0.403657342599428	0.308312940397938	0.672682779050047
s__Staphylococcus_aureus	-0.65751671980922	0.180002190301105	0.00196958335592133	0.174713559395876
s__Candidatus_Nanosynbacter_lyticus	0.207610781548791	0.153987010703275	0.195273330975636	0.563720966599565
s__Nibribacter_ruber	0.195014415938444	0.171874850842118	0.27227617320429	0.642358242222857
s__Denitratisoma_oestradiolicum	-0.137452802614361	0.232390895789189	0.561987349742867	0.806059753052648
s__Orrella_dioscoreae	-0.163583698818198	0.238265736099684	0.501618307373286	0.769699590945908
s__Sodalis_sp._dw_23	-0.200408585951531	0.292146817209017	0.501971231907016	0.769699590945908
s__Phytobacter_ursingii	0.553743913433795	0.296552803024021	0.079205261276731	0.491294429657303
s__Fannyhessea_vaginae	0.251211141026038	0.185146239812771	0.19258137747986	0.563720966599565
s__Gordonia_sp._YC-JH1	0.329448856061528	0.245366041663335	0.197029365474449	0.563720966599565
s__Lawsonella_clevelandensis	0.157345832022525	0.375277944941804	0.680263160974981	0.889036697655305
s__Janibacter_indicus	0.00625664340504102	0.58783194080096	0.99163171261115	0.998406929551337
s__Thermanaeromonas_toyohensis	0.187548606029567	0.166316878799666	0.275129035699764	0.644479182060194
s__Exiguobacterium_sp._PFWT01	0.27589125618579	0.203820702722504	0.193589396150691	0.563720966599565
s__Exiguobacterium_sp._AT1b	0.289965055258068	0.21462137517019	0.194386822367393	0.563720966599565
s__Geobacillus_sp._WCH70	-0.984732737778545	0.602423797392768	0.120509384867799	0.530176878064811
