Representative_ASV	Beta	SE	P	FDR_BH
Achromobacter	-0.339824880006187	0.435903609213663	0.445763879675119	0.646844378042554
Acidimicrobiales	0.184227363712935	0.136673358625715	0.194398552582838	0.636842743656764
Acidiphilium	-0.180098034090015	0.15685267660653	0.26591765409509	0.636842743656764
Acidipropionibacterium	-0.0632009535313975	0.137887088221484	0.652184399358044	0.770763381059507
Acidobacteria	-0.488731068478021	0.448930990736021	0.290667743096862	0.636842743656764
Acidovorax	0.0861891886712929	0.625595975823921	0.891950612172576	0.929004940274701
Acinetobacter	-0.475279051369295	0.576436696511151	0.420440930384693	0.646844378042554
Actinobacteria	0.301804856048814	0.310305160985502	0.343638655412489	0.636842743656764
Actinomadura	-0.312464102068939	0.541492555555303	0.571058151659736	0.725354392408816
Actinomyces	-0.912625508919202	0.732434489544717	0.228732595534136	0.636842743656764
Actinomycetales	0.160926603450003	0.101113307323831	0.128895500528459	0.636842743656764
Aeromonas	0.176544629881068	0.148567497325197	0.250153127409227	0.636842743656764
Afipia	0.3133104526734	0.345261437782301	0.376153467324678	0.636842743656764
Aggregatibacter	1.05589780134831	0.686506551607203	0.141424017731711	0.636842743656764
Agrobacterium	0.285279642654032	0.310009663199253	0.369622441164373	0.636842743656764
Agrococcus	-0.109447716596952	0.183333427721481	0.557951151868654	0.720003140830505
Alcanivorax	0.174265432705497	0.171154640267466	0.322085607460512	0.636842743656764
Alishewanella	0.185096624620138	0.237903225317778	0.4466563840047	0.646844378042554
Alloprevotella	-0.599116634740822	0.712384194965638	0.411380217524011	0.646844378042554
Altererythrobacter	0.174265432705497	0.171154640267466	0.322085607460512	0.636842743656764
Amycolatopsis	0.364401044414567	0.410544156963288	0.386460126492566	0.636842743656764
Anaerobacillus	-0.0655850183331851	0.135506597139553	0.634222901850642	0.770763381059507
Anaplasma	-0.180098034090015	0.15685267660653	0.26591765409509	0.636842743656764
Angustibacter	0.160926603450003	0.101113307323831	0.128895500528459	0.636842743656764
Anoxybacillus	-0.405439335831139	0.481764532475806	0.411069594849875	0.646844378042554
Aotus	0.176184229048307	0.188719647831243	0.362877696602557	0.636842743656764
Aquabacter	-0.180098034090015	0.15685267660653	0.26591765409509	0.636842743656764
Aquabacterium	0.3133104526734	0.345261437782301	0.376153467324678	0.636842743656764
Aquamicrobium	-0.193511146439923	0.296145891714956	0.521738202885397	0.704845832558736
Aquisalimonas	0.174265432705497	0.171154640267466	0.322085607460512	0.636842743656764
Arachnia	-0.305134772380416	0.400712789984585	0.456232024117642	0.646844378042554
Armatimonadetes	0.441481886351346	0.348607262412186	0.221508030035573	0.636842743656764
Arthrobacter	-0.162203610056472	0.568082614797785	0.778499181283197	0.861997516184233
Arvicanthis	-0.500586674106742	0.528079212855327	0.355714592029863	0.636842743656764
Asinibacterium	-0.180098034090015	0.15685267660653	0.26591765409509	0.636842743656764
Aspergillus	0.130689406639536	0.558094540439489	0.817495259162057	0.8883617212566
Asticcacaulis	-0.0385877711565743	0.210741196584927	0.856762287915355	0.914053383155896
Atopococcus	-0.427776870038347	0.562782260417111	0.457029646024369	0.646844378042554
Atopostipes	0.3133104526734	0.345261437782301	0.376153467324678	0.636842743656764
Azospirillum	0.797205228000811	0.760253130702833	0.3082364316278	0.636842743656764
Bacillus	-1.37348013672845	0.745899356000175	0.0821084362256017	0.636842743656764
Bacteriophage	0.222415233022949	0.245974108906193	0.377820952587454	0.636842743656764
Bacteroidaceae	0.184227363712935	0.136673358625715	0.194398552582838	0.636842743656764
Bacteroidales	0.173320161666654	0.143838948188376	0.243822558794457	0.636842743656764
Bacteroides	-0.220571653031385	0.809957251591184	0.78847139716552	0.870293900644961
Bifidobacteriaceae	-0.130164920926509	0.203335219222269	0.530140455257853	0.704845832558736
Blastocatellia	-0.339824880006187	0.435903609213663	0.445763879675119	0.646844378042554
Blastococcus	-0.180098034090015	0.15685267660653	0.26591765409509	0.636842743656764
Blastomyces	0.176184229048307	0.188719647831243	0.362877696602557	0.636842743656764
Bordetella	0.157781392876216	0.453903311949449	0.732164636093412	0.828999313770282
Bos	-0.540731518026469	0.743430262316886	0.476368356140787	0.666156545838312
Bosea	0.302436866383443	0.183291166182234	0.116276461472401	0.636842743656764
Brachybacterium	-0.176346298820578	0.503205527003884	0.73007173916145	0.828999313770282
Bradyrhizobiaceae	0.0358196463511064	0.285837873694472	0.901663528404353	0.933580821445215
Bradyrhizobium	0.666818302554972	0.715645747704684	0.363784836697698	0.636842743656764
Brevibacterium	-0.50950800904006	0.476862131459066	0.299433523404527	0.636842743656764
Brevilactibacter	-0.339824880006187	0.435903609213663	0.445763879675119	0.646844378042554
Brevundimonas	0.753602682006019	0.417649431473152	0.0879298063848304	0.636842743656764
Brooklawnia	-0.339824880006187	0.435903609213663	0.445763879675119	0.646844378042554
Bryobacterales	0.183829928582475	0.150928489627673	0.238951931024958	0.636842743656764
Burkholderia	-0.708259418948989	0.897935865592981	0.440515767719096	0.646844378042554
Burkholderiaceae	0.186894405161525	0.317055806088879	0.562873487069049	0.721053262632249
Burkholderiales	0.174265432705497	0.171154640267466	0.322085607460512	0.636842743656764
Caldimonas	0.184227363712935	0.136673358625715	0.194398552582838	0.636842743656764
Campylobacter	1.02926061627043	0.80890561278573	0.219418925258182	0.636842743656764
Candidatus	-0.407758042437877	0.671885492414184	0.551505367451988	0.714311379983941
Capnocytophaga	0.124075044917707	0.277544198449713	0.660174340273714	0.772403978120245
Capra	0.806970102757215	0.465041653527015	0.0997824745917703	0.636842743656764
Carpinus	0.176184229048307	0.188719647831243	0.362877696602557	0.636842743656764
Caulobacter	-0.39561753943737	0.477473306364346	0.418202449540893	0.646844378042554
Caulobacteraceae	-0.113653822293915	0.309545842632798	0.717778445057171	0.820652228713573
Caulobacterales	0.11156751185433	0.458135927549923	0.810352596913226	0.887818731955452
Cellulomonas	0.446194006385573	0.515480880455722	0.398106629218032	0.646844378042554
Cellulosimicrobium	-0.130164920926509	0.203335219222269	0.530140455257853	0.704845832558736
Ceratitis	-0.180098034090015	0.15685267660653	0.26591765409509	0.636842743656764
Chelatococcus	0.3133104526734	0.345261437782301	0.376153467324678	0.636842743656764
Chiloscyllium	0.00748806518428885	0.255578497758816	0.976948934319754	0.988210593504996
Chlamydia	-0.276640470659509	0.447846292213349	0.544501174786105	0.714311379983941
Chlorocebus	0.0189054071792151	0.574246095729941	0.974099003935437	0.988175579136816
Chloroflexi	-0.0277565792419336	0.266999905921388	0.918352819498392	0.940735686114494
Chloroflexia	-0.116151018699777	0.190769140640753	0.550227197821401	0.714311379983941
Chryseobacterium	0.342989415776619	0.383570264142323	0.383014657630431	0.636842743656764
Cinara	-0.0152863555583569	0.721344880259668	0.983326069824976	0.991803018702777
Citrobacter	-1.68018855069062	0.674890967297138	0.0227966145204457	0.636842743656764
Cloacibacterium	0.522106790679166	0.45578147120052	0.266996247852696	0.636842743656764
Cloning	0.346940867348369	0.205921616455832	0.109282360541169	0.636842743656764
Clostridioides	-0.587426740888879	0.465242998628702	0.22283764397771	0.636842743656764
Clostridium	-0.17696333870247	0.40429028762504	0.666800998428238	0.777565283881434
Coccidioides	0.176184229048307	0.188719647831243	0.362877696602557	0.636842743656764
Colletotrichum	0.250804268487802	0.281655890670914	0.384964789592639	0.636842743656764
Colobus	0.176184229048307	0.188719647831243	0.362877696602557	0.636842743656764
Comamonas	-0.350759726292575	0.236811735429378	0.155853137810006	0.636842743656764
Conexibacter	0.3133104526734	0.345261437782301	0.376153467324678	0.636842743656764
Corallococcus	0.176184229048307	0.188719647831243	0.362877696602557	0.636842743656764
Corynebacterium	-0.687370827144999	0.837332963598645	0.422439763507237	0.646844378042554
Crenalkalicoccus	0.174265432705497	0.171154640267466	0.322085607460512	0.636842743656764
Cupriavidus	-0.976990080069475	0.510168479007614	0.0715165694083545	0.636842743656764
Curtobacterium	0.184227363712935	0.136673358625715	0.194398552582838	0.636842743656764
Curvibacter	0.176184229048307	0.188719647831243	0.362877696602557	0.636842743656764
Cutibacterium	-1.92050588831189	0.600169223120163	0.00496313758969871	0.636842743656764
Cytobacillus	0.160926603450003	0.101113307323831	0.128895500528459	0.636842743656764
Cytophagaceae	0.176184229048307	0.188719647831243	0.362877696602557	0.636842743656764
Dechloromonas	0.441481886351346	0.348607262412186	0.221508030035573	0.636842743656764
Deinococcus	-0.180098034090015	0.15685267660653	0.26591765409509	0.636842743656764
Delftia	0.0618565586581817	0.420436419642842	0.884669011593259	0.929004940274701
Dellaglioa	0.160926603450003	0.101113307323831	0.128895500528459	0.636842743656764
Deltaproteobacteria	0.0272780405764731	0.265469676124544	0.919294416915304	0.940735686114494
Denitratisoma	0.3133104526734	0.345261437782301	0.376153467324678	0.636842743656764
Dermabacter	0.160926603450003	0.101113307323831	0.128895500528459	0.636842743656764
Dermacoccus	-0.0632009535313975	0.137887088221484	0.652184399358044	0.770763381059507
Devosia	-0.00133385178361203	0.502000852997505	0.997909193389887	0.997909193389887
Diaphorobacter	0.3133104526734	0.345261437782301	0.376153467324678	0.636842743656764
Didymella	0.176184229048307	0.188719647831243	0.362877696602557	0.636842743656764
Didymosphaeria	0.176184229048307	0.188719647831243	0.362877696602557	0.636842743656764
Dietzia	0.220522926222702	0.144613758974149	0.144659618747381	0.636842743656764
Diploscapter	0.174265432705497	0.171154640267466	0.322085607460512	0.636842743656764
Dokdonella	0.3133104526734	0.345261437782301	0.376153467324678	0.636842743656764
Dolosigranulum	0.163821897191723	0.20980744980825	0.445056494469923	0.646844378042554
Echinococcus	0.185096624620138	0.237903225317778	0.4466563840047	0.646844378042554
Edwardsiella	-0.180098034090015	0.15685267660653	0.26591765409509	0.636842743656764
Emericellopsis	0.176184229048307	0.188719647831243	0.362877696602557	0.636842743656764
Enhydrobacter	-0.0655850183331851	0.135506597139553	0.634222901850642	0.770763381059507
Enterobacter	-0.111374543712871	0.260979147960334	0.674617309075304	0.784075084388847
Enterobacteria	-0.71629886885525	0.466216326432135	0.141829915842794	0.636842743656764
Enterococcus	-1.09418122577039	0.478954571107221	0.0346971505757088	0.636842743656764
Eremomyces	0.176184229048307	0.188719647831243	0.362877696602557	0.636842743656764
Erythrobacter	-0.180098034090015	0.15685267660653	0.26591765409509	0.636842743656764
Escherichia	0.138058285082983	0.52928237798091	0.797176335010407	0.877143867049068
Euryarchaeota	-0.305134772380416	0.400712789984585	0.456232024117642	0.646844378042554
Exiguobacterium	-0.268010929476977	0.361664950469305	0.468222853798068	0.657384886732488
Fannyhessea	-0.0655850183331851	0.135506597139553	0.634222901850642	0.770763381059507
Francisella	0.43528066370044	0.217367135098253	0.0605281376592348	0.636842743656764
Frankiales	-0.0632009535313975	0.137887088221484	0.652184399358044	0.770763381059507
Fulvimarina	-0.180098034090015	0.15685267660653	0.26591765409509	0.636842743656764
Fusobacterium	0.222415233022949	0.245974108906193	0.377820952587454	0.636842743656764
Gammaproteobacteria	-0.322300920459023	0.225707520281214	0.170424935722608	0.636842743656764
Gardnerella	-0.00199348724856322	0.214487668892217	0.992686659096368	0.997909193389887
Gemella	-0.510797791976866	0.440713010747462	0.261591116930225	0.636842743656764
Gemmatimonadaceae	-0.502744970704754	0.452237647194958	0.280902838752942	0.636842743656764
Gemmatimonadetes	-0.454631556773786	0.571241964741178	0.436481127206233	0.646844378042554
Gemmatimonas	-0.130164920926509	0.203335219222269	0.530140455257853	0.704845832558736
Geobacillus	0.174265432705497	0.171154640267466	0.322085607460512	0.636842743656764
Geodermatophilus	-0.180098034090015	0.15685267660653	0.26591765409509	0.636842743656764
Glaesserella	0.174265432705497	0.171154640267466	0.322085607460512	0.636842743656764
Glutamicibacter	0.174265432705497	0.171154640267466	0.322085607460512	0.636842743656764
Gordonia	0.0715290610717137	0.36514691105202	0.846889815744382	0.909046866441218
Gorilla	-0.226121044229964	0.224822859322736	0.327854230705409	0.636842743656764
Granulicella	-0.0655850183331851	0.135506597139553	0.634222901850642	0.770763381059507
Haemophilus	0.190936137057642	0.790795066734708	0.811936789053276	0.887818731955452
Halomonas	0.501078209124045	0.361051903434538	0.182130441767376	0.636842743656764
Helicobacter	1.53548977609178	1.72325618211616	0.384663754005294	0.636842743656764
Histoplasma	0.176184229048307	0.188719647831243	0.362877696602557	0.636842743656764
Homo	0.0599393929576165	0.57437312585504	0.918040698303972	0.940735686114494
Hydrobacter	-0.116151018699777	0.190769140640753	0.550227197821401	0.714311379983941
Hydrocarboniphaga	0.298521350242903	0.326845100572727	0.37313485678721	0.636842743656764
Hydrogenophaga	0.176184229048307	0.188719647831243	0.362877696602557	0.636842743656764
Hydrogenophilus	0.176184229048307	0.188719647831243	0.362877696602557	0.636842743656764
Hyphomicrobiales	-0.517987976242487	0.416263631029358	0.229321855901679	0.636842743656764
Hyphomicrobium	0.364401044414567	0.410544156963288	0.386460126492566	0.636842743656764
Intrasporangium	0.160926603450003	0.101113307323831	0.128895500528459	0.636842743656764
Isoptericola	0.176184229048307	0.188719647831243	0.362877696602557	0.636842743656764
Janibacter	-0.579063560714197	0.704760988916895	0.422029047105687	0.646844378042554
Jimgerdemannia	0.176184229048307	0.188719647831243	0.362877696602557	0.636842743656764
Kingella	-0.228505109031751	0.223042088856945	0.319174490277777	0.636842743656764
Klebsiella	-0.880625356685246	0.606185159168301	0.163508512818813	0.636842743656764
Kocuria	0.12218273811746	0.184127177338744	0.515370281040169	0.704845832558736
Kosakonia	0.160926603450003	0.101113307323831	0.128895500528459	0.636842743656764
Kytococcus	-0.0632009535313975	0.137887088221484	0.652184399358044	0.770763381059507
Labeo	-0.500586674106742	0.528079212855327	0.355714592029863	0.636842743656764
Lacticaseibacillus	-0.180098034090015	0.15685267660653	0.26591765409509	0.636842743656764
Lactobacillus	-0.263849571508678	0.446397237124632	0.561826699731209	0.721053262632249
Lactococcus	0.049527376404645	0.745539226466707	0.947766508460593	0.964249404259907
Lancefieldella	-0.0655850183331851	0.135506597139553	0.634222901850642	0.770763381059507
Lautropia	0.176184229048307	0.188719647831243	0.362877696602557	0.636842743656764
Lawsonella	-1.04197285190457	0.542727232260719	0.0708638571192324	0.636842743656764
Leclercia	-0.116151018699777	0.190769140640753	0.550227197821401	0.714311379983941
Leptotrichia	-0.103331409048242	0.252293741131094	0.686955784277502	0.795170936087724
Leucobacter	-0.403709791460955	0.267895516506742	0.149168489428796	0.636842743656764
Leuconostoc	-0.180098034090015	0.15685267660653	0.26591765409509	0.636842743656764
Limosilactobacillus	-0.180098034090015	0.15685267660653	0.26591765409509	0.636842743656764
Listeria	-0.0395330421954181	0.211447258173974	0.853779981240047	0.913648699436757
Lupinus	0.113753683691507	0.279386566032355	0.688695055756889	0.795170936087724
Lysinibacillus	-0.254803602989121	0.20985641494684	0.240369026575533	0.636842743656764
Lysobacter	-0.0655850183331851	0.135506597139553	0.634222901850642	0.770763381059507
Macaca	-0.116151018699777	0.190769140640753	0.550227197821401	0.714311379983941
Malassezia	0.160926603450003	0.101113307323831	0.128895500528459	0.636842743656764
Mammaliicoccus	0.174265432705497	0.171154640267466	0.322085607460512	0.636842743656764
Mangrovihabitans	-0.0632009535313975	0.137887088221484	0.652184399358044	0.770763381059507
Marchantia	0.176184229048307	0.188719647831243	0.362877696602557	0.636842743656764
Marinobacter	0.176184229048307	0.188719647831243	0.362877696602557	0.636842743656764
Massilia	0.60083372589387	0.448409915920606	0.196942387401494	0.636842743656764
Medicago	-0.180098034090015	0.15685267660653	0.26591765409509	0.636842743656764
Megasphaera	-0.256803687273528	0.337064065071491	0.455996886995301	0.646844378042554
Melaminivora	-0.0286258401491362	0.207262794882674	0.891683863129093	0.929004940274701
Mesorhizobium	0.16195526256669	0.540975235233303	0.768082099461645	0.85864706621509
Methylobacterium	0.219440991533131	0.375497296587051	0.566203829724947	0.722681979030751
Methylobrevis	0.160926603450003	0.101113307323831	0.128895500528459	0.636842743656764
Methylocella	-0.130164920926509	0.203335219222269	0.530140455257853	0.704845832558736
Methylopila	0.3133104526734	0.345261437782301	0.376153467324678	0.636842743656764
Methylorubrum	0.110469530285245	0.542416965201247	0.840902681695918	0.905389083666464
Microbacter	0.160926603450003	0.101113307323831	0.128895500528459	0.636842743656764
Microbacterium	0.615207459659278	0.401998197255474	0.143309242789659	0.636842743656764
Micrococcaceae	-0.161345312271404	0.418186816715158	0.704151193249437	0.810351045346073
Micrococcus	-0.561041559752045	0.754350607899431	0.46663136945564	0.657384886732488
Microvirga	0.248672850213178	0.26366320468572	0.358094170071982	0.636842743656764
Miltoncostaea	0.796554568025633	0.542282796288943	0.159122520716438	0.636842743656764
Mixta	-0.130164920926509	0.203335219222269	0.530140455257853	0.704845832558736
Mogibacterium	-0.10572892846311	0.359183644570775	0.771851288100472	0.85864706621509
Monosporascus	-0.301239921568219	0.243534944914444	0.232002345256609	0.636842743656764
Moraxella	0.640532065521802	0.44636738541723	0.168438539300682	0.636842743656764
Moraxellaceae	0.259778020495177	0.17504884613478	0.155100941191238	0.636842743656764
Morococcus	-0.339824880006187	0.435903609213663	0.445763879675119	0.646844378042554
Mumia	0.174265432705497	0.171154640267466	0.322085607460512	0.636842743656764
Muntiacus	-0.777701755018096	0.531186569264574	0.160417263586856	0.636842743656764
Muribaculaceae	0.319973689157319	0.226911927386126	0.175549828638986	0.636842743656764
Mycobacterium	0.283742813166823	0.562874103231364	0.620307956063882	0.770763381059507
Mycobacteroides	-0.26603187032299	0.592707770310706	0.658902738604367	0.772403978120245
Mycolicibacterium	0.226916950062496	0.437007844031287	0.609911448865555	0.764567566256464
Mycoplana	-0.180098034090015	0.15685267660653	0.26591765409509	0.636842743656764
Mycoplasma	-0.256803687273528	0.337064065071491	0.455996886995301	0.646844378042554
Myxococcales	-0.187493959628408	0.27516806554834	0.504304092090301	0.702423556840062
Neisseria	-1.02214484066451	0.932789214589997	0.287614385356644	0.636842743656764
Nesterenkonia	0.160926603450003	0.101113307323831	0.128895500528459	0.636842743656764
Nevskia	0.174265432705497	0.171154640267466	0.322085607460512	0.636842743656764
Nitratireductor	-0.256803687273528	0.337064065071491	0.455996886995301	0.646844378042554
Nitrospira	-0.305134772380416	0.400712789984585	0.456232024117642	0.646844378042554
Niveispirillum	-0.180098034090015	0.15685267660653	0.26591765409509	0.636842743656764
Nocardia	0.634992541526646	0.308788748985323	0.054538802345537	0.636842743656764
Nocardioides	0.592261456856656	0.396193817207106	0.152271623453803	0.636842743656764
Noviherbaspirillum	0.174265432705497	0.171154640267466	0.322085607460512	0.636842743656764
Novosphingobium	0.167261942845662	0.371796629858005	0.658171424895562	0.772403978120245
Oceanobacillus	0.184227363712935	0.136673358625715	0.194398552582838	0.636842743656764
Octodon	-0.0756030435295365	0.59327734595429	0.900010632576658	0.933580821445215
Odobenus	0.176184229048307	0.188719647831243	0.362877696602557	0.636842743656764
Oleisolibacter	-0.228505109031751	0.223042088856945	0.319174490277777	0.636842743656764
Oribacterium	0.185096624620138	0.237903225317778	0.4466563840047	0.646844378042554
Ornithinimicrobium	-0.180098034090015	0.15685267660653	0.26591765409509	0.636842743656764
Oryctolagus	0.185096624620138	0.237903225317778	0.4466563840047	0.646844378042554
Paecilomyces	0.176184229048307	0.188719647831243	0.362877696602557	0.636842743656764
Paenibacillus	-0.179375256943078	0.496840819275262	0.722278341497533	0.823115902161149
Pandoraea	-0.180098034090015	0.15685267660653	0.26591765409509	0.636842743656764
Paracnuella	0.342989415776619	0.383570264142323	0.383014657630431	0.636842743656764
Paracoccus	-0.403364286026275	0.463660959782027	0.395778318043139	0.646844378042554
Paracraurococcus	-0.180098034090015	0.15685267660653	0.26591765409509	0.636842743656764
Parvibaculum	-0.180098034090015	0.15685267660653	0.26591765409509	0.636842743656764
Pasteurella	0.301210452152466	0.450296028279237	0.512037357273478	0.704845832558736
Pelagibacterium	-0.180098034090015	0.15685267660653	0.26591765409509	0.636842743656764
Penicillium	0.636915805403852	0.776604749413568	0.422870761828451	0.646844378042554
Peptoniphilus	-0.0632009535313975	0.137887088221484	0.652184399358044	0.770763381059507
Phenylobacterium	0.302436866383443	0.183291166182234	0.116276461472401	0.636842743656764
Phyllobacterium	-0.180098034090015	0.15685267660653	0.26591765409509	0.636842743656764
Planctomyces	0.174265432705497	0.171154640267466	0.322085607460512	0.636842743656764
Planococcus	0.160926603450003	0.101113307323831	0.128895500528459	0.636842743656764
Plasmodium	-0.0355857968340658	0.518078518247229	0.945995236682174	0.964249404259907
Plectropomus	0.512144859671728	0.441716523372293	0.261425748464392	0.636842743656764
Polaromonas	0.3133104526734	0.345261437782301	0.376153467324678	0.636842743656764
Pongo	0.443695049552988	0.561982557197529	0.440086531167604	0.646844378042554
Porphyromonadaceae	0.184227363712935	0.136673358625715	0.194398552582838	0.636842743656764
Porphyromonas	0.304634963811016	0.458074721644752	0.514460461415617	0.704845832558736
Portunus	0.176184229048307	0.188719647831243	0.362877696602557	0.636842743656764
Prevotella	0.221700213332013	0.997155500653222	0.826558137395092	0.895437982178016
Prevotellaceae	0.0854113839752223	0.573004452088414	0.8831645198305	0.929004940274701
Priestia	0.370634596738287	0.445702378202501	0.416545081348661	0.646844378042554
Prolinoborus	0.184227363712935	0.136673358625715	0.194398552582838	0.636842743656764
Propionibacteriaceae	-0.130164920926509	0.203335219222269	0.530140455257853	0.704845832558736
Propionibacterium	-1.09989480492524	0.73574143652739	0.152253661667126	0.636842743656764
Proteobacteria	-0.353362525338303	0.462543648271662	0.454792385299973	0.646844378042554
Proteus	-0.458974143920821	0.51011845821324	0.380138225798934	0.636842743656764
Providencia	-0.180098034090015	0.15685267660653	0.26591765409509	0.636842743656764
Pseudocnuella	0.298521350242903	0.326845100572727	0.37313485678721	0.636842743656764
Pseudogymnoascus	0.222415233022949	0.245974108906193	0.377820952587454	0.636842743656764
Pseudomonas	0.119924931604444	0.718776596317811	0.869351301204863	0.921880080733858
Pseudonocardia	1.00185397930948	0.846120761960184	0.251791823355437	0.636842743656764
Pseudonocardiaceae	0.160926603450003	0.101113307323831	0.128895500528459	0.636842743656764
Pseudoxanthomonas	0.325737626646376	0.204169026395413	0.128023076401591	0.636842743656764
Psychrobacter	0.176184229048307	0.188719647831243	0.362877696602557	0.636842743656764
Pteropus	-0.130164920926509	0.203335219222269	0.530140455257853	0.704845832558736
Purpureocillium	0.176184229048307	0.188719647831243	0.362877696602557	0.636842743656764
Pyxidicoccus	0.220341269046361	0.22807588799187	0.346802085591654	0.636842743656764
Qipengyuania	0.220341269046361	0.22807588799187	0.346802085591654	0.636842743656764
Radiobacillus	-0.0632009535313975	0.137887088221484	0.652184399358044	0.770763381059507
Ralstonia	-0.408279327698504	0.448966014114076	0.375167429287914	0.636842743656764
Rattus	0.160926603450003	0.101113307323831	0.128895500528459	0.636842743656764
Reyranella	0.248672850213178	0.26366320468572	0.358094170071982	0.636842743656764
Rhinocladiella	0.176184229048307	0.188719647831243	0.362877696602557	0.636842743656764
Rhizobiaceae	0.3133104526734	0.345261437782301	0.376153467324678	0.636842743656764
Rhizobium	0.348512702724307	0.235932560181935	0.156912832222179	0.636842743656764
Rhizopus	0.176544629881068	0.148567497325197	0.250153127409227	0.636842743656764
Rhizorhabdus	0.26918785125136	0.289596608410376	0.364915011093245	0.636842743656764
Rhodobacteraceae	0.160926603450003	0.101113307323831	0.128895500528459	0.636842743656764
Rhodococcus	1.09435376519438	0.560206187596596	0.0664846828211518	0.636842743656764
Rodentibacter	0.370634596738287	0.445702378202501	0.416545081348661	0.646844378042554
Roseiflexus	-0.0655850183331851	0.135506597139553	0.634222901850642	0.770763381059507
Roseomonas	0.122359551955465	0.371639052092237	0.74577214279348	0.841691389455021
Rothia	-0.402398353105502	0.768147551217473	0.606769685318058	0.763355410561428
Rubrivivax	0.174265432705497	0.171154640267466	0.322085607460512	0.636842743656764
Ruminococcus	0.184227363712935	0.136673358625715	0.194398552582838	0.636842743656764
Saitoella	0.176184229048307	0.188719647831243	0.362877696602557	0.636842743656764
Salmonella	-0.0708040384644755	0.451878848177136	0.877234735399096	0.927437928087599
Sapajus	0.370634596738287	0.445702378202501	0.416545081348661	0.646844378042554
Schaalia	-0.113374627997278	0.387214395234105	0.773026988387375	0.85864706621509
Schlegelella	0.184227363712935	0.136673358625715	0.194398552582838	0.636842743656764
Schlesneria	0.174265432705497	0.171154640267466	0.322085607460512	0.636842743656764
Sediminibacterium	-0.116151018699777	0.190769140640753	0.550227197821401	0.714311379983941
Selenomonas	0.0470099615154314	0.424184387590265	0.912981997378179	0.940735686114494
Shigella	-0.180098034090015	0.15685267660653	0.26591765409509	0.636842743656764
Shinella	-0.106623506109338	0.185442651640494	0.572430674351117	0.725354392408816
Simonsiella	-0.339824880006187	0.435903609213663	0.445763879675119	0.646844378042554
Sinorhizobium	-0.0632009535313975	0.137887088221484	0.652184399358044	0.770763381059507
Siphoviridae	-0.595721042190445	0.54282937079678	0.286914989446359	0.636842743656764
Slackia	-0.0632009535313975	0.137887088221484	0.652184399358044	0.770763381059507
Solirubrobacter	-0.130164920926509	0.203335219222269	0.530140455257853	0.704845832558736
Solobacterium	0.160926603450003	0.101113307323831	0.128895500528459	0.636842743656764
Sphingobacterium	0.174265432705497	0.171154640267466	0.322085607460512	0.636842743656764
Sphingobium	-0.0768397970432494	0.536864538607535	0.887779962879516	0.929004940274701
Sphingomonadales	0.174265432705497	0.171154640267466	0.322085607460512	0.636842743656764
Sphingomonas	-0.163850137246944	0.691531664760862	0.815380476116858	0.8883617212566
Sphingopyxis	0.0768422716533893	0.437056819894973	0.862400092121617	0.917280097983902
Sphingosinithalassobacter	-0.180098034090015	0.15685267660653	0.26591765409509	0.636842743656764
Staphylococcus	0.168668090300597	0.549768085696466	0.762517458080517	0.857832140340582
Starkeya	0.174265432705497	0.171154640267466	0.322085607460512	0.636842743656764
Stenotrophomonas	0.202264311078991	0.356125654203418	0.577080493691208	0.728616019013
Stomatobaculum	-0.256803687273528	0.337064065071491	0.455996886995301	0.646844378042554
Streptococcus	-2.01505719719029	0.624419489208234	0.0046754355361289	0.636842743656764
Streptomyces	-0.501532483130515	0.548494692282535	0.372604056334385	0.636842743656764
Sulfolobus	-0.180098034090015	0.15685267660653	0.26591765409509	0.636842743656764
Talaromyces	0.176184229048307	0.188719647831243	0.362877696602557	0.636842743656764
Tanacetum	0.176184229048307	0.188719647831243	0.362877696602557	0.636842743656764
Tannerella	-0.45993053984442	0.396420916374876	0.261122142716366	0.636842743656764
Telmatospirillum	-0.180098034090015	0.15685267660653	0.26591765409509	0.636842743656764
Tepidimonas	0.150390361974833	0.402147329242813	0.712796545124893	0.817619566466789
Terrabacter	-0.180098034090015	0.15685267660653	0.26591765409509	0.636842743656764
Terricaulis	0.174265432705497	0.171154640267466	0.322085607460512	0.636842743656764
Terrimicrobium	0.174265432705497	0.171154640267466	0.322085607460512	0.636842743656764
Tetrasphaera	-0.67771482215866	0.54691588076682	0.231202294489641	0.636842743656764
Thauera	0.160926603450003	0.101113307323831	0.128895500528459	0.636842743656764
Thermoleophilaceae	0.173320161666654	0.143838948188376	0.243822558794457	0.636842743656764
Treponema	-0.694260486205081	0.484380915361557	0.168915458139049	0.636842743656764
Trichinella	-0.151131899835178	0.72523504152641	0.837264161223871	0.90424529412178
Tsukamurella	0.160926603450003	0.101113307323831	0.128895500528459	0.636842743656764
Tsuneonella	-0.180098034090015	0.15685267660653	0.26591765409509	0.636842743656764
Tuber	0.176184229048307	0.188719647831243	0.362877696602557	0.636842743656764
Valsa	0.176184229048307	0.188719647831243	0.362877696602557	0.636842743656764
Variovorax	0.160926603450003	0.101113307323831	0.128895500528459	0.636842743656764
Veillonella	0.00214605568421145	0.762641086897705	0.997785725454089	0.997909193389887
Wuchereria	-0.180098034090015	0.15685267660653	0.26591765409509	0.636842743656764
Xanthomonas	-0.131874467531461	0.448297019788981	0.771995149408892	0.85864706621509
Xylella	0.174265432705497	0.171154640267466	0.322085607460512	0.636842743656764
Xylophilus	0.3133104526734	0.345261437782301	0.376153467324678	0.636842743656764
Youhaiella	0.160926603450003	0.101113307323831	0.128895500528459	0.636842743656764
Zhizhongheella	0.174265432705497	0.171154640267466	0.322085607460512	0.636842743656764
