Representative_ASV	Beta	SE	P	FDR_BH
Achromobacter	0.479739284334818	0.428534089503332	0.277648131585409	0.587075266183606
Acidimicrobiales	-0.0971900844912567	0.141564028360511	0.501118812089483	0.653876219492224
Acidiphilium	0.202925787690582	0.1552965166363	0.207764505629369	0.587075266183606
Acidipropionibacterium	-0.0825041233632203	0.137319318444058	0.555451039984657	0.673687924833758
Acidobacteria	0.658426710501019	0.436719776933837	0.148991256601956	0.587075266183606
Acidovorax	-1.20905905799697	0.557288605657726	0.0436746553343064	0.587075266183606
Acinetobacter	-0.357901584228863	0.581130287753547	0.545689097677021	0.673687924833758
Actinobacteria	0.308708381823195	0.309927641998279	0.332420728362847	0.597736791907743
Actinomadura	0.0850834275138049	0.546109981008959	0.877925350368161	0.90102864906206
Actinomyces	0.189481571481534	0.762061062008896	0.806451305080922	0.853509800642575
Actinomycetales	0.142504453467736	0.102637460392057	0.181951783435575	0.587075266183606
Aeromonas	0.155891333265792	0.149845720892998	0.311952575305249	0.597736791907743
Afipia	-0.341430485934198	0.343776974746078	0.333789432598131	0.597736791907743
Aggregatibacter	-0.99373584418673	0.69164263637227	0.16793637363412	0.587075266183606
Agrobacterium	0.369342521776892	0.30503901563796	0.241629278674068	0.587075266183606
Agrococcus	0.203286688243735	0.178831694309531	0.270550962180498	0.587075266183606
Alcanivorax	0.221323575178845	0.168106234935866	0.204501200744667	0.587075266183606
Alishewanella	0.235765164398366	0.235400197158513	0.32983555580412	0.597736791907743
Alloprevotella	-0.359244990316285	0.721292286309746	0.624473974892213	0.717580100403738
Altererythrobacter	0.221323575178845	0.168106234935866	0.204501200744667	0.587075266183606
Amycolatopsis	-0.409551274922422	0.408172959055921	0.328977804542679	0.597736791907743
Anaerobacillus	0.150651450327215	0.13168190139166	0.267587179307652	0.587075266183606
Anaplasma	0.202925787690582	0.1552965166363	0.207764505629369	0.587075266183606
Angustibacter	0.142504453467736	0.102637460392057	0.181951783435575	0.587075266183606
Anoxybacillus	-0.568923444126516	0.472490701571751	0.244148616257105	0.587075266183606
Aotus	-0.158595521100742	0.189584376092077	0.413817779013053	0.597736791907743
Aquabacter	0.202925787690582	0.1552965166363	0.207764505629369	0.587075266183606
Aquabacterium	-0.341430485934198	0.343776974746078	0.333789432598131	0.597736791907743
Aquamicrobium	0.515544838495181	0.27389201932829	0.07606535926727	0.587075266183606
Aquisalimonas	0.221323575178845	0.168106234935866	0.204501200744667	0.587075266183606
Arachnia	-0.372824705982042	0.397518852729387	0.360721456390395	0.597736791907743
Armatimonadetes	-0.231569257067387	0.359688781871444	0.527820878340851	0.673687924833758
Arthrobacter	-0.420771895121587	0.560663419215226	0.462658536008089	0.636240410740037
Arvicanthis	-0.890477363109927	0.498734781164647	0.0910447910929885	0.587075266183606
Asinibacterium	0.202925787690582	0.1552965166363	0.207764505629369	0.587075266183606
Aspergillus	-0.949647503988191	0.51216862611662	0.0801748340334627	0.587075266183606
Asticcacaulis	0.391606138268502	0.189670325600048	0.0536685881707262	0.587075266183606
Atopococcus	-0.692429575363668	0.547953974203884	0.222472344470477	0.587075266183606
Atopostipes	-0.341430485934198	0.343776974746078	0.333789432598131	0.597736791907743
Azospirillum	0.552891024368962	0.772210913190399	0.483186924177572	0.653876219492224
Bacillus	-0.264824378273899	0.810723306057484	0.747698783266264	0.802575758184889
Bacteriophage	-0.220236859733598	0.246082978556563	0.382615108240548	0.597736791907743
Bacteroidaceae	-0.0971900844912567	0.141564028360511	0.501118812089483	0.653876219492224
Bacteroidales	-0.0878410541658724	0.148087324450075	0.560446934619536	0.673687924833758
Bacteroides	0.45601887873279	0.804475402760944	0.577815381852887	0.687502369594451
Bifidobacteriaceae	-0.162860884237355	0.202022144522747	0.430676719768892	0.602261070274427
Blastocatellia	0.479739284334818	0.428534089503332	0.277648131585409	0.587075266183606
Blastococcus	0.202925787690582	0.1552965166363	0.207764505629369	0.587075266183606
Blastomyces	-0.158595521100742	0.189584376092077	0.413817779013053	0.597736791907743
Bordetella	-0.247580114931059	0.451670169322514	0.590327277758964	0.69763386687911
Bos	-1.2227102134641	0.697047913911542	0.096418159625967	0.587075266183606
Bosea	0.331184804045657	0.180509527684068	0.0831299035110953	0.587075266183606
Brachybacterium	-0.127477140635538	0.504024472457755	0.803197011304029	0.853509800642575
Bradyrhizobiaceae	0.490816028278744	0.26151714349335	0.0768526269269385	0.587075266183606
Bradyrhizobium	0.869020518830683	0.703488491503982	0.23259953206981	0.587075266183606
Brevibacterium	0.956710423728685	0.437001044999968	0.0419968079996448	0.587075266183606
Brevilactibacter	0.479739284334818	0.428534089503332	0.277648131585409	0.587075266183606
Brevundimonas	0.156212602485179	0.452356391093026	0.733848445643219	0.792556321294677
Brooklawnia	0.479739284334818	0.428534089503332	0.277648131585409	0.587075266183606
Bryobacterales	0.162135875009855	0.152303564257677	0.301149224523351	0.597736791907743
Burkholderia	2.1261602304045	0.763554291750252	0.0122347194848087	0.587075266183606
Burkholderiaceae	0.620308678687674	0.284759701519395	0.0429169668859298	0.587075266183606
Burkholderiales	0.221323575178845	0.168106234935866	0.204501200744667	0.587075266183606
Caldimonas	-0.0971900844912567	0.141564028360511	0.501118812089483	0.653876219492224
Campylobacter	-1.38203676549791	0.779147005889207	0.0930175667051146	0.587075266183606
Candidatus	1.21074385144574	0.61581508840176	0.0649059093411871	0.587075266183606
Capnocytophaga	-0.102228634007308	0.278038566553077	0.717401146522412	0.782011808786853
Capra	-0.526463762691739	0.48687118788061	0.293829505138596	0.597736791907743
Carpinus	-0.158595521100742	0.189584376092077	0.413817779013053	0.597736791907743
Caulobacter	0.959483271450025	0.430733143640458	0.0389071273898453	0.587075266183606
Caulobacteraceae	0.549954096705551	0.282371209509878	0.0672300472449303	0.587075266183606
Caulobacterales	0.0946041120504402	0.458347931749392	0.838793291387311	0.874453776801768
Cellulomonas	-0.518608557550429	0.51170216714235	0.324253389211237	0.597736791907743
Cellulosimicrobium	-0.162860884237355	0.202022144522747	0.430676719768892	0.602261070274427
Ceratitis	0.202925787690582	0.1552965166363	0.207764505629369	0.587075266183606
Chelatococcus	-0.341430485934198	0.343776974746078	0.333789432598131	0.597736791907743
Chiloscyllium	0.453040586722987	0.232208829768194	0.0667993072697138	0.587075266183606
Chlamydia	0.550998323605702	0.433533557811517	0.219927639292142	0.587075266183606
Chlorocebus	-0.819749045996772	0.540782526031976	0.146920160538317	0.587075266183606
Chloroflexi	0.406047727488023	0.2493432224431	0.120801566230412	0.587075266183606
Chloroflexia	0.211330650767126	0.186175243843886	0.271216154400758	0.587075266183606
Chryseobacterium	0.44628888594034	0.377619637056826	0.252644908216817	0.587075266183606
Cinara	-0.804690494361432	0.695972490433895	0.262711152902352	0.587075266183606
Citrobacter	0.31734119637154	0.778921221600181	0.688510431336285	0.760713864984474
Cloacibacterium	-0.547695987112898	0.454110002421618	0.243398543466485	0.587075266183606
Cloning	0.263276509092096	0.212697001941051	0.231693161706583	0.587075266183606
Clostridioides	0.564378967453007	0.466825295475399	0.242315042139367	0.587075266183606
Clostridium	-0.262963477115231	0.4016824127599	0.520968062931266	0.669816080911627
Coccidioides	-0.158595521100742	0.189584376092077	0.413817779013053	0.597736791907743
Colletotrichum	-0.258088907020069	0.2812900470904	0.371001747839713	0.597736791907743
Colobus	-0.158595521100742	0.189584376092077	0.413817779013053	0.597736791907743
Comamonas	0.147542894845722	0.248406012232294	0.559931168506758	0.673687924833758
Conexibacter	-0.341430485934198	0.343776974746078	0.333789432598131	0.597736791907743
Corallococcus	-0.158595521100742	0.189584376092077	0.413817779013053	0.597736791907743
Corynebacterium	-0.151053940098901	0.852119521347622	0.861277002992148	0.88653439310922
Crenalkalicoccus	0.221323575178845	0.168106234935866	0.204501200744667	0.587075266183606
Cupriavidus	-0.24076082912786	0.556848155306313	0.670612654159572	0.7550709718075
Curtobacterium	-0.0971900844912567	0.141564028360511	0.501118812089483	0.653876219492224
Curvibacter	-0.158595521100742	0.189584376092077	0.413817779013053	0.597736791907743
Cutibacterium	-0.053950646936604	0.751631112595491	0.943570041517803	0.951704266013646
Cytobacillus	0.142504453467736	0.102637460392057	0.181951783435575	0.587075266183606
Cytophagaceae	-0.158595521100742	0.189584376092077	0.413817779013053	0.597736791907743
Dechloromonas	-0.231569257067387	0.359688781871444	0.527820878340851	0.673687924833758
Deinococcus	0.202925787690582	0.1552965166363	0.207764505629369	0.587075266183606
Delftia	0.684903791672936	0.388482455153578	0.0948656833071663	0.587075266183606
Dellaglioa	0.142504453467736	0.102637460392057	0.181951783435575	0.587075266183606
Deltaproteobacteria	0.0200919050654585	0.265505292665242	0.940513022192689	0.951354670863498
Denitratisoma	-0.341430485934198	0.343776974746078	0.333789432598131	0.597736791907743
Dermabacter	0.142504453467736	0.102637460392057	0.181951783435575	0.587075266183606
Dermacoccus	-0.0825041233632203	0.137319318444058	0.555451039984657	0.673687924833758
Devosia	-0.357674760055833	0.494871361543335	0.479112094611361	0.651815291506154
Diaphorobacter	-0.341430485934198	0.343776974746078	0.333789432598131	0.597736791907743
Didymella	-0.158595521100742	0.189584376092077	0.413817779013053	0.597736791907743
Didymosphaeria	-0.158595521100742	0.189584376092077	0.413817779013053	0.597736791907743
Dietzia	0.193587015844335	0.146740688784617	0.203623527322917	0.587075266183606
Diploscapter	0.221323575178845	0.168106234935866	0.204501200744667	0.587075266183606
Dokdonella	-0.341430485934198	0.343776974746078	0.333789432598131	0.597736791907743
Dolosigranulum	0.112086891542311	0.211688861127025	0.602936324040181	0.705982800703179
Echinococcus	0.235765164398366	0.235400197158513	0.32983555580412	0.597736791907743
Edwardsiella	0.202925787690582	0.1552965166363	0.207764505629369	0.587075266183606
Emericellopsis	-0.158595521100742	0.189584376092077	0.413817779013053	0.597736791907743
Enhydrobacter	0.150651450327215	0.13168190139166	0.267587179307652	0.587075266183606
Enterobacter	0.0714514971081999	0.26175487415711	0.787982607520303	0.843237485486666
Enterobacteria	-0.0991818879585818	0.495293681521828	0.843531189481038	0.874453776801768
Enterococcus	1.01394450002727	0.488666198670416	0.0526068895033455	0.587075266183606
Eremomyces	-0.158595521100742	0.189584376092077	0.413817779013053	0.597736791907743
Erythrobacter	0.202925787690582	0.1552965166363	0.207764505629369	0.587075266183606
Escherichia	-0.261476185382153	0.526688150199925	0.625582651634028	0.717580100403738
Euryarchaeota	-0.372824705982042	0.397518852729387	0.360721456390395	0.597736791907743
Exiguobacterium	-0.37222058604464	0.356503806182507	0.310265760444531	0.597736791907743
Fannyhessea	0.150651450327215	0.13168190139166	0.267587179307652	0.587075266183606
Francisella	0.377665076539539	0.223272483218834	0.107981607085475	0.587075266183606
Frankiales	-0.0825041233632203	0.137319318444058	0.555451039984657	0.673687924833758
Fulvimarina	0.202925787690582	0.1552965166363	0.207764505629369	0.587075266183606
Fusobacterium	-0.220236859733598	0.246082978556563	0.382615108240548	0.597736791907743
Gammaproteobacteria	0.373569251333392	0.221273312970615	0.108608615210852	0.587075266183606
Gardnerella	-0.0529996553705437	0.214124093361864	0.807308415422607	0.853509800642575
Gemella	0.238413924354584	0.45339315941759	0.605415450175661	0.705982800703179
Gemmatimonadaceae	0.284235175496538	0.462679567681993	0.546688437486309	0.673687924833758
Gemmatimonadetes	0.617507296455936	0.562686387505052	0.286919200136765	0.597736791907743
Gemmatimonas	-0.162860884237355	0.202022144522747	0.430676719768892	0.602261070274427
Geobacillus	0.221323575178845	0.168106234935866	0.204501200744667	0.587075266183606
Geodermatophilus	0.202925787690582	0.1552965166363	0.207764505629369	0.587075266183606
Glaesserella	0.221323575178845	0.168106234935866	0.204501200744667	0.587075266183606
Glutamicibacter	0.221323575178845	0.168106234935866	0.204501200744667	0.587075266183606
Gordonia	-0.274367891377164	0.359769947055215	0.455568348693306	0.634110124847727
Gorilla	-0.2780082322015	0.221567380622284	0.225623141808614	0.587075266183606
Granulicella	0.150651450327215	0.13168190139166	0.267587179307652	0.587075266183606
Haemophilus	-0.522352839843006	0.782447271756931	0.512865283565089	0.661822479894656
Halomonas	-0.180486694690788	0.377488521549199	0.638316623050745	0.729801741663881
Helicobacter	1.29753795282552	1.73408858160078	0.463972501406543	0.636240410740037
Histoplasma	-0.158595521100742	0.189584376092077	0.413817779013053	0.597736791907743
Homo	-0.135487569737313	0.573658659054882	0.815958455757452	0.860064318230827
Hydrobacter	0.211330650767126	0.186175243843886	0.271216154400758	0.587075266183606
Hydrocarboniphaga	0.386998131895388	0.321649084000583	0.244497763157247	0.587075266183606
Hydrogenophaga	-0.158595521100742	0.189584376092077	0.413817779013053	0.597736791907743
Hydrogenophilus	-0.158595521100742	0.189584376092077	0.413817779013053	0.597736791907743
Hyphomicrobiales	-0.202542142892385	0.431164161389691	0.644169824867782	0.731437415242647
Hyphomicrobium	-0.409551274922422	0.408172959055921	0.328977804542679	0.597736791907743
Intrasporangium	0.142504453467736	0.102637460392057	0.181951783435575	0.587075266183606
Isoptericola	-0.158595521100742	0.189584376092077	0.413817779013053	0.597736791907743
Janibacter	-0.404196816243684	0.71150562065671	0.57699481653723	0.687502369594451
Jimgerdemannia	-0.158595521100742	0.189584376092077	0.413817779013053	0.597736791907743
Kingella	-0.0448526585110644	0.229209116687524	0.847049242486043	0.874453776801768
Klebsiella	0.769993699065181	0.614496124739752	0.226221775470886	0.587075266183606
Kocuria	0.311595241570625	0.171283997557926	0.0855609845091612	0.587075266183606
Kosakonia	0.142504453467736	0.102637460392057	0.181951783435575	0.587075266183606
Kytococcus	-0.0825041233632203	0.137319318444058	0.555451039984657	0.673687924833758
Labeo	-0.890477363109927	0.498734781164647	0.0910447910929885	0.587075266183606
Lacticaseibacillus	0.202925787690582	0.1552965166363	0.207764505629369	0.587075266183606
Lactobacillus	0.228202783019417	0.44748736579512	0.61627226757602	0.713899557489053
Lactococcus	0.549361103055108	0.734301354541776	0.464038590169372	0.636240410740037
Lancefieldella	0.150651450327215	0.13168190139166	0.267587179307652	0.587075266183606
Lautropia	-0.158595521100742	0.189584376092077	0.413817779013053	0.597736791907743
Lawsonella	-0.252241599127824	0.592735320135407	0.67547659586198	0.7550709718075
Leclercia	0.211330650767126	0.186175243843886	0.271216154400758	0.587075266183606
Leptotrichia	0.132856933717685	0.25152477102549	0.603808129805653	0.705982800703179
Leucobacter	0.441377668976068	0.26457423751401	0.112566521768661	0.587075266183606
Leuconostoc	0.202925787690582	0.1552965166363	0.207764505629369	0.587075266183606
Limosilactobacillus	0.202925787690582	0.1552965166363	0.207764505629369	0.587075266183606
Listeria	0.0824415089237848	0.210758581325073	0.700266417738233	0.770512578765266
Lupinus	0.594728078065944	0.243157673210626	0.024956266442709	0.587075266183606
Lysinibacillus	0.262690242809867	0.209315495594417	0.225530147141619	0.587075266183606
Lysobacter	0.150651450327215	0.13168190139166	0.267587179307652	0.587075266183606
Macaca	0.211330650767126	0.186175243843886	0.271216154400758	0.587075266183606
Malassezia	0.142504453467736	0.102637460392057	0.181951783435575	0.587075266183606
Mammaliicoccus	0.221323575178845	0.168106234935866	0.204501200744667	0.587075266183606
Mangrovihabitans	-0.0825041233632203	0.137319318444058	0.555451039984657	0.673687924833758
Marchantia	-0.158595521100742	0.189584376092077	0.413817779013053	0.597736791907743
Marinobacter	-0.158595521100742	0.189584376092077	0.413817779013053	0.597736791907743
Massilia	-0.0943076996166851	0.469715834455682	0.843124869208965	0.874453776801768
Medicago	0.202925787690582	0.1552965166363	0.207764505629369	0.587075266183606
Megasphaera	-0.314827403853777	0.334319470542216	0.358815988869681	0.597736791907743
Melaminivora	0.0730924785984004	0.206655714610742	0.727678606909733	0.789633199362645
Mesorhizobium	-0.251822212421813	0.53906249755412	0.64599885676701	0.731437415242647
Methylobacterium	0.5992340462655	0.351744925096189	0.105657729806784	0.587075266183606
Methylobrevis	0.142504453467736	0.102637460392057	0.181951783435575	0.587075266183606
Methylocella	-0.162860884237355	0.202022144522747	0.430676719768892	0.602261070274427
Methylopila	-0.341430485934198	0.343776974746078	0.333789432598131	0.597736791907743
Methylorubrum	-0.297396142694898	0.538498427002654	0.587556539274509	0.6967308962343
Microbacter	0.142504453467736	0.102637460392057	0.181951783435575	0.587075266183606
Microbacterium	-0.048175025586801	0.427200531631344	0.911461754129728	0.927313262897202
Micrococcaceae	-0.249576597317175	0.415771550387013	0.55580694866105	0.673687924833758
Micrococcus	-0.739504362269724	0.745754950944246	0.334527550950092	0.597736791907743
Microvirga	0.320533465189086	0.25931808258709	0.232323157755222	0.587075266183606
Miltoncostaea	-0.243529511070085	0.57098666640385	0.674796104114162	0.7550709718075
Mixta	-0.162860884237355	0.202022144522747	0.430676719768892	0.602261070274427
Mogibacterium	-0.185334753444847	0.357387252226186	0.610368610889578	0.709401928550469
Monosporascus	0.299839297673145	0.243630952127047	0.234271597455209	0.587075266183606
Moraxella	-0.0113869961810414	0.471200643335456	0.980986154154551	0.98378897173785
Moraxellaceae	0.227234239506456	0.177546080704643	0.21684445566424	0.587075266183606
Morococcus	0.479739284334818	0.428534089503332	0.277648131585409	0.587075266183606
Mumia	0.221323575178845	0.168106234935866	0.204501200744667	0.587075266183606
Muntiacus	-0.20665741631755	0.559810375466869	0.716318084780028	0.782011808786853
Muribaculaceae	-0.0353474124358752	0.238971887282978	0.884054562387341	0.904673910781215
Mycobacterium	0.0254000054453267	0.566801720834662	0.964749885801907	0.970278538442605
Mycobacteroides	-0.395195962798989	0.588691492718069	0.510545487342148	0.6612600223509
Mycolicibacterium	-0.489047180614006	0.424911073099542	0.264817171373746	0.587075266183606
Mycoplana	0.202925787690582	0.1552965166363	0.207764505629369	0.587075266183606
Mycoplasma	-0.314827403853777	0.334319470542216	0.358815988869681	0.597736791907743
Myxococcales	0.570293564434703	0.244134934527175	0.0312606085935659	0.587075266183606
Neisseria	-1.44869760716659	0.900856945656761	0.12520469278657	0.587075266183606
Nesterenkonia	0.142504453467736	0.102637460392057	0.181951783435575	0.587075266183606
Nevskia	0.221323575178845	0.168106234935866	0.204501200744667	0.587075266183606
Nitratireductor	-0.314827403853777	0.334319470542216	0.358815988869681	0.597736791907743
Nitrospira	-0.372824705982042	0.397518852729387	0.360721456390395	0.597736791907743
Niveispirillum	0.202925787690582	0.1552965166363	0.207764505629369	0.587075266183606
Nocardia	0.147065104955278	0.341393893528797	0.671743777450945	0.7550709718075
Nocardioides	-0.00207875193883818	0.42006752409218	0.996106026655175	0.996106026655175
Noviherbaspirillum	0.221323575178845	0.168106234935866	0.204501200744667	0.587075266183606
Novosphingobium	0.0772968828526642	0.373436813110749	0.838342867398967	0.874453776801768
Oceanobacillus	-0.0971900844912567	0.141564028360511	0.501118812089483	0.653876219492224
Octodon	-1.08083478335764	0.536092661832995	0.0589607243079527	0.587075266183606
Odobenus	-0.158595521100742	0.189584376092077	0.413817779013053	0.597736791907743
Oleisolibacter	-0.0448526585110644	0.229209116687524	0.847049242486043	0.874453776801768
Oribacterium	0.235765164398366	0.235400197158513	0.32983555580412	0.597736791907743
Ornithinimicrobium	0.202925787690582	0.1552965166363	0.207764505629369	0.587075266183606
Oryctolagus	0.235765164398366	0.235400197158513	0.32983555580412	0.597736791907743
Paecilomyces	-0.158595521100742	0.189584376092077	0.413817779013053	0.597736791907743
Paenibacillus	0.0527180817589833	0.498481621260731	0.916944572176599	0.930195216283197
Pandoraea	0.202925787690582	0.1552965166363	0.207764505629369	0.587075266183606
Paracnuella	0.44628888594034	0.377619637056826	0.252644908216817	0.587075266183606
Paracoccus	0.316708011882262	0.467384300817914	0.506631167496911	0.658620517745984
Paracraurococcus	0.202925787690582	0.1552965166363	0.207764505629369	0.587075266183606
Parvibaculum	0.202925787690582	0.1552965166363	0.207764505629369	0.587075266183606
Pasteurella	-0.438818860632726	0.443969654840901	0.336058755299796	0.597736791907743
Pelagibacterium	0.202925787690582	0.1552965166363	0.207764505629369	0.587075266183606
Penicillium	-0.772904289574803	0.769716743171758	0.328619273703966	0.597736791907743
Peptoniphilus	-0.0825041233632203	0.137319318444058	0.555451039984657	0.673687924833758
Phenylobacterium	0.331184804045657	0.180509527684068	0.0831299035110953	0.587075266183606
Phyllobacterium	0.202925787690582	0.1552965166363	0.207764505629369	0.587075266183606
Planctomyces	0.221323575178845	0.168106234935866	0.204501200744667	0.587075266183606
Planococcus	0.142504453467736	0.102637460392057	0.181951783435575	0.587075266183606
Plasmodium	0.17596619042385	0.516483761603964	0.737273410448373	0.793812782415273
Plectropomus	-0.229182327442796	0.454716675184668	0.620366599476067	0.716278540842432
Polaromonas	-0.341430485934198	0.343776974746078	0.333789432598131	0.597736791907743
Pongo	-0.200550614453857	0.569672608255388	0.728892184027057	0.789633199362645
Porphyromonadaceae	-0.0971900844912567	0.141564028360511	0.501118812089483	0.653876219492224
Porphyromonas	-0.680170979771548	0.435070493038596	0.135378628001394	0.587075266183606
Portunus	-0.158595521100742	0.189584376092077	0.413817779013053	0.597736791907743
Prevotella	-0.916906602410528	0.974855457426639	0.359384277042239	0.597736791907743
Prevotellaceae	-0.926509310193247	0.530140937271212	0.0975592131434734	0.587075266183606
Priestia	-0.417862678020716	0.443375421902708	0.358436598053984	0.597736791907743
Prolinoborus	-0.0971900844912567	0.141564028360511	0.501118812089483	0.653876219492224
Propionibacteriaceae	-0.162860884237355	0.202022144522747	0.430676719768892	0.602261070274427
Propionibacterium	-0.459148676037992	0.772536564428257	0.559682234328986	0.673687924833758
Proteobacteria	0.902400053824912	0.419098138545835	0.0451111081640813	0.587075266183606
Proteus	0.281994415125808	0.517210013222818	0.592293140541238	0.69763386687911
Providencia	0.202925787690582	0.1552965166363	0.207764505629369	0.587075266183606
Pseudocnuella	0.386998131895388	0.321649084000583	0.244497763157247	0.587075266183606
Pseudogymnoascus	-0.220236859733598	0.246082978556563	0.382615108240548	0.597736791907743
Pseudomonas	0.187747633383808	0.717969712021143	0.796677236236918	0.849950486076468
Pseudonocardia	-1.26400553610683	0.826389993664245	0.143511919538771	0.587075266183606
Pseudonocardiaceae	0.142504453467736	0.102637460392057	0.181951783435575	0.587075266183606
Pseudoxanthomonas	0.0914902660866638	0.217059179939881	0.678381288887672	0.755910579046263
Psychrobacter	-0.158595521100742	0.189584376092077	0.413817779013053	0.597736791907743
Pteropus	-0.162860884237355	0.202022144522747	0.430676719768892	0.602261070274427
Purpureocillium	-0.158595521100742	0.189584376092077	0.413817779013053	0.597736791907743
Pyxidicoccus	0.28275802363333	0.224218787895387	0.223380213818301	0.587075266183606
Qipengyuania	0.28275802363333	0.224218787895387	0.223380213818301	0.587075266183606
Radiobacillus	-0.0825041233632203	0.137319318444058	0.555451039984657	0.673687924833758
Ralstonia	0.481152528609532	0.444937756356577	0.293798146394839	0.597736791907743
Rattus	0.142504453467736	0.102637460392057	0.181951783435575	0.587075266183606
Reyranella	0.320533465189086	0.25931808258709	0.232323157755222	0.587075266183606
Rhinocladiella	-0.158595521100742	0.189584376092077	0.413817779013053	0.597736791907743
Rhizobiaceae	-0.341430485934198	0.343776974746078	0.333789432598131	0.597736791907743
Rhizobium	0.392619252500141	0.232051998447004	0.107895096085941	0.587075266183606
Rhizopus	0.155891333265792	0.149845720892998	0.311952575305249	0.597736791907743
Rhizorhabdus	0.347886799906661	0.284900410919939	0.237808731478037	0.587075266183606
Rhodobacteraceae	0.142504453467736	0.102637460392057	0.181951783435575	0.587075266183606
Rhodococcus	-0.76352989375038	0.589895931119863	0.211905693176007	0.587075266183606
Rodentibacter	-0.417862678020716	0.443375421902708	0.358436598053984	0.597736791907743
Roseiflexus	0.150651450327215	0.13168190139166	0.267587179307652	0.587075266183606
Roseomonas	0.173838412938612	0.370497608094095	0.644558103704166	0.731437415242647
Rothia	0.170297380265767	0.772939379713063	0.828098136493956	0.870246844040055
Rubrivivax	0.221323575178845	0.168106234935866	0.204501200744667	0.587075266183606
Ruminococcus	-0.0971900844912567	0.141564028360511	0.501118812089483	0.653876219492224
Saitoella	-0.158595521100742	0.189584376092077	0.413817779013053	0.597736791907743
Salmonella	-0.308448884283416	0.446304167542552	0.498308426979009	0.653876219492224
Sapajus	-0.417862678020716	0.443375421902708	0.358436598053984	0.597736791907743
Schaalia	-0.506066149555444	0.369352334072382	0.187490256593082	0.587075266183606
Schlegelella	-0.0971900844912567	0.141564028360511	0.501118812089483	0.653876219492224
Schlesneria	0.221323575178845	0.168106234935866	0.204501200744667	0.587075266183606
Sediminibacterium	0.211330650767126	0.186175243843886	0.271216154400758	0.587075266183606
Selenomonas	-0.241538773148517	0.420492572381453	0.572794078111553	0.686179936577321
Shigella	0.202925787690582	0.1552965166363	0.207764505629369	0.587075266183606
Shinella	-0.134611186456749	0.184428544939043	0.474854351082854	0.648536487276583
Simonsiella	0.479739284334818	0.428534089503332	0.277648131585409	0.587075266183606
Sinorhizobium	-0.0825041233632203	0.137319318444058	0.555451039984657	0.673687924833758
Siphoviridae	-0.750717488742075	0.532042911625587	0.175292197495901	0.587075266183606
Slackia	-0.0825041233632203	0.137319318444058	0.555451039984657	0.673687924833758
Solirubrobacter	-0.162860884237355	0.202022144522747	0.430676719768892	0.602261070274427
Solobacterium	0.142504453467736	0.102637460392057	0.181951783435575	0.587075266183606
Sphingobacterium	0.221323575178845	0.168106234935866	0.204501200744667	0.587075266183606
Sphingobium	0.837892990922366	0.499547755521036	0.110762473328013	0.587075266183606
Sphingomonadales	0.221323575178845	0.168106234935866	0.204501200744667	0.587075266183606
Sphingomonas	0.262307530882619	0.689844201707202	0.708215712696981	0.776824109864501
Sphingopyxis	-0.17950425671348	0.435380989302939	0.684993903739924	0.760713864984474
Sphingosinithalassobacter	0.202925787690582	0.1552965166363	0.207764505629369	0.587075266183606
Staphylococcus	0.223023168595463	0.548691304421596	0.689193758020121	0.760713864984474
Starkeya	0.221323575178845	0.168106234935866	0.204501200744667	0.587075266183606
Stenotrophomonas	0.620050646111392	0.328236594569775	0.0751080872675015	0.587075266183606
Stomatobaculum	-0.314827403853777	0.334319470542216	0.358815988869681	0.597736791907743
Streptococcus	-0.486473145298283	0.776101151766074	0.538649024235757	0.673687924833758
Streptomyces	-0.745768245586509	0.532843538106216	0.178631302601372	0.587075266183606
Sulfolobus	0.202925787690582	0.1552965166363	0.207764505629369	0.587075266183606
Talaromyces	-0.158595521100742	0.189584376092077	0.413817779013053	0.597736791907743
Tanacetum	-0.158595521100742	0.189584376092077	0.413817779013053	0.597736791907743
Tannerella	0.426791792294106	0.398474636054856	0.298292580683272	0.597736791907743
Telmatospirillum	0.202925787690582	0.1552965166363	0.207764505629369	0.587075266183606
Tepidimonas	-0.536934594772478	0.383356741417162	0.178332864231774	0.587075266183606
Terrabacter	0.202925787690582	0.1552965166363	0.207764505629369	0.587075266183606
Terricaulis	0.221323575178845	0.168106234935866	0.204501200744667	0.587075266183606
Terrimicrobium	0.221323575178845	0.168106234935866	0.204501200744667	0.587075266183606
Tetrasphaera	0.0742713537518509	0.569497185517113	0.897684019114026	0.915950845084369
Thauera	0.142504453467736	0.102637460392057	0.181951783435575	0.587075266183606
Thermoleophilaceae	-0.0878410541658724	0.148087324450075	0.560446934619536	0.673687924833758
Treponema	0.673818224771369	0.485982070066414	0.182526317649444	0.587075266183606
Trichinella	-1.14342768230512	0.674240295308841	0.10713631809763	0.587075266183606
Tsukamurella	0.142504453467736	0.102637460392057	0.181951783435575	0.587075266183606
Tsuneonella	0.202925787690582	0.1552965166363	0.207764505629369	0.587075266183606
Tuber	-0.158595521100742	0.189584376092077	0.413817779013053	0.597736791907743
Valsa	-0.158595521100742	0.189584376092077	0.413817779013053	0.597736791907743
Variovorax	0.142504453467736	0.102637460392057	0.181951783435575	0.587075266183606
Veillonella	-2.1805226889068	0.563447281491301	0.00112205491535204	0.393841275288567
Wuchereria	0.202925787690582	0.1552965166363	0.207764505629369	0.587075266183606
Xanthomonas	-0.336193997090608	0.442331474163213	0.457065132725	0.634110124847727
Xylella	0.221323575178845	0.168106234935866	0.204501200744667	0.587075266183606
Xylophilus	-0.341430485934198	0.343776974746078	0.333789432598131	0.597736791907743
Youhaiella	0.142504453467736	0.102637460392057	0.181951783435575	0.587075266183606
Zhizhongheella	0.221323575178845	0.168106234935866	0.204501200744667	0.587075266183606
