NC_000915	217	633	6
NC_000915	635	1105	8
NC_000915	1115	1945	10
NC_000915	1932	2597	7
NC_000915	2719	3402	9
NC_000915	3403	4233	7
NC_000915	5241	7145	3
NC_000915	7603	9243	7
NC_000915	9268	9624	7
NC_000915	9911	11590	10
NC_000915	11587	12639	8
NC_000915	12728	13555	9
NC_000915	13702	13983	8
NC_000915	13983	14246	8
NC_000915	14248	16611	10
NC_000915	16932	18272	8
NC_000915	18380	19345	10
NC_000915	19342	20559	12
NC_000915	20569	21078	3
NC_000915	21152	22717	10
NC_000915	23324	25459	5
NC_000915	26078	27358	9
NC_000915	27557	28834	9
NC_000915	28967	29434	2
NC_000915	29411	30067	7
NC_000915	30071	31852	3
NC_000915	31961	32374	9
NC_000915	32405	32680	6
NC_000915	32680	34905	10
NC_000915	34895	35248	7
NC_000915	35251	35544	7
NC_000915	35589	36548	8
NC_000915	36556	37611	7
NC_000915	37738	38475	8
NC_000915	38475	38744	1
NC_000915	38710	39453	4
NC_000915	39446	39817	2
NC_000915	39880	40581	5
NC_000915	40651	42063	10
NC_000915	42105	43250	9
NC_000915	43243	44175	8
NC_000915	45041	46039	9
NC_000915	46042	48294	10
NC_000915	48291	49283	9
NC_000915	49335	50033	7
NC_000915	50030	51097	3
NC_000915	52459	53718	4
NC_000915	53715	56186	6
NC_000915	56224	57714	10
NC_000915	57741	61298	10
NC_000915	61619	61828	3
NC_000915	64016	66457	1
NC_000915	66454	67023	2
NC_000915	67039	67299	7
NC_000915	68770	69189	2
NC_000915	69537	71963	1
NC_000915	72021	72818	10
NC_000915	72818	73417	9
NC_000915	73446	74210	8
NC_000915	74233	74745	8
NC_000915	74747	75334	7
NC_000915	75527	77236	11
NC_000915	77240	77956	9
NC_000915	78302	78775	9
NC_000915	78769	80106	10
NC_000915	80196	80465	6
NC_000915	80589	81647	9
NC_000915	82058	82315	6
NC_000915	82326	84113	3
NC_000915	84359	86140	5
NC_000915	86656	88677	7
NC_000915	88833	89222	8
NC_000915	89219	89644	9
NC_000915	89957	90145	1
NC_000915	90152	91504	8
NC_000915	91558	92931	10
NC_000915	92952	94967	9
NC_000915	95191	95886	7
NC_000915	95897	96826	8
NC_000915	97256	98089	1
NC_000915	98083	98916	7
NC_000915	98936	99376	6
NC_000915	99373	99840	4
NC_000915	99939	100469	7
NC_000915	100542	101486	8
NC_000915	101643	102356	8
NC_000915	102461	103921	10
NC_000915	104125	106152	7
NC_000915	106152	107258	9
NC_000915	107471	108232	7
NC_000915	108215	108994	6
NC_000915	109025	110719	8
NC_000915	110928	112673	11
NC_000915	112828	113295	7
NC_000915	113333	114475	9
NC_000915	114500	115417	7
NC_000915	115531	116019	1
NC_000915	116362	118224	10
NC_000915	118254	118823	2
NC_000915	118823	119653	8
NC_000915	120046	120675	7
NC_000915	120696	120992	8
NC_000915	121002	122888	11
NC_000915	122948	124492	9
NC_000915	124658	126868	12
NC_000915	126861	127787	9
NC_000915	127931	128908	1
NC_000915	129383	130507	1
NC_000915	132346	134784	10
NC_000915	135142	136980	10
NC_000915	136995	137588	9
NC_000915	137569	137763	6
NC_000915	137857	138207	7
NC_000915	138446	139267	8
NC_000915	139617	140042	3
NC_000915	140549	141313	1
NC_000915	142227	143594	9
NC_000915	143594	144835	8
NC_000915	145016	146365	11
NC_000915	146444	146578	4
NC_000915	146813	147271	8
NC_000915	147281	147916	8
NC_000915	147909	149354	10
NC_000915	149383	150111	9
NC_000915	150342	151991	9
NC_000915	152048	153703	10
NC_000915	153727	154596	4
NC_000915	154714	155361	4
NC_000915	155367	156164	6
NC_000915	156334	157800	10
NC_000915	157813	158511	8
NC_000915	158522	158740	7
NC_000915	158742	159602	9
NC_000915	159630	159836	5
NC_000915	159814	159936	1
NC_000915	159937	160521	3
NC_000915	160534	161124	4
NC_000915	161157	161969	7
NC_000915	161966	162829	7
NC_000915	162928	163971	9
NC_000915	163983	165263	10
NC_000915	165256	165531	6
NC_000915	165549	166145	10
NC_000915	166150	166638	9
NC_000915	166660	167616	9
NC_000915	167613	168731	2
NC_000915	168882	169802	1
NC_000915	170704	171426	8
NC_000915	171427	172398	9
NC_000915	172470	173234	3
NC_000915	173231	173752	2
NC_000915	173778	174455	7
NC_000915	175143	175406	4
NC_000915	175453	176721	10
NC_000915	176724	177485	6
NC_000915	177560	178651	9
NC_000915	178712	179887	8
NC_000915	179897	180664	9
NC_000915	180658	181386	6
NC_000915	181865	182764	9
NC_000915	182781	183704	9
NC_000915	183726	184289	8
NC_000915	184798	185820	8
NC_000915	185824	186465	8
NC_000915	186462	187739	9
NC_000915	187970	188671	4
NC_000915	188681	190186	8
NC_000915	190186	191436	8
NC_000915	191447	191989	8
NC_000915	192011	192814	2
NC_000915	195057	195590	9
NC_000915	195596	197104	10
NC_000915	197126	197863	11
NC_000915	197856	200000	11
NC_000915	200010	200777	9
NC_000915	200992	201696	9
NC_000915	201706	202533	9
NC_000915	202543	203553	9
NC_000915	203618	204775	11
NC_000915	204842	205255	7
NC_000915	205281	205637	6
NC_000915	205653	205799	6
NC_000915	205877	206890	9
NC_000915	206915	207910	9
NC_000915	208866	209249	3
NC_000915	209265	211646	3
NC_000915	212273	213379	10
NC_000915	213393	214448	1
NC_000915	214472	214591	4
NC_000915	214745	216097	9
NC_000915	216201	218066	10
NC_000915	218266	219018	4
NC_000915	219098	220249	10
NC_000915	220259	222124	10
NC_000915	222220	223878	10
NC_000915	223891	224691	7
NC_000915	224692	225798	10
NC_000915	225849	226991	3
NC_000915	227007	227558	3
NC_000915	227749	228165	2
NC_000915	228339	229502	8
NC_000915	229524	230504	9
NC_000915	230651	230872	7
NC_000915	230997	232343	8
NC_000915	232467	233546	10
NC_000915	233747	233860	1
NC_000915	233929	234762	11
NC_000915	234973	237048	10
NC_000915	237297	238469	9
NC_000915	238708	240159	7
NC_000915	240354	241085	8
NC_000915	241193	241990	11
NC_000915	242006	242653	2
NC_000915	242677	243849	10
NC_000915	243849	244379	8
NC_000915	246258	246629	7
NC_000915	246629	247549	8
NC_000915	247560	249293	9
NC_000915	249297	250646	9
NC_000915	250646	251569	10
NC_000915	251579	251974	8
NC_000915	251967	252251	6
NC_000915	252272	252706	9
NC_000915	252912	254057	8
NC_000915	254054	254371	8
NC_000915	254368	255396	8
NC_000915	255585	257063	9
NC_000915	257084	258172	9
NC_000915	258179	258718	8
NC_000915	258801	260351	9
NC_000915	260361	261383	9
NC_000915	261719	263182	7
NC_000915	263314	264609	10
NC_000915	264709	265944	10
NC_000915	265941	266369	8
NC_000915	266362	267021	1
NC_000915	267018	268067	8
NC_000915	268080	269342	8
NC_000915	269378	270532	6
NC_000915	270525	270923	1
NC_000915	271111	271683	3
NC_000915	271795	272553	10
NC_000915	272626	275196	10
NC_000915	275253	275972	9
NC_000915	275982	277118	11
NC_000915	277103	278332	10
NC_000915	278393	278635	8
NC_000915	278645	279958	10
NC_000915	279998	280651	9
NC_000915	280644	281627	8
NC_000915	281617	282150	7
NC_000915	282147	282686	8
NC_000915	282703	283101	8
NC_000915	283138	284430	8
NC_000915	284418	284975	7
NC_000915	285032	285286	8
NC_000915	285296	286750	8
NC_000915	286747	287769	7
NC_000915	287766	288752	9
NC_000915	288852	289967	9
NC_000915	290018	291460	10
NC_000915	291465	292496	9
NC_000915	292487	294058	10
NC_000915	294055	295311	11
NC_000915	295298	296950	8
NC_000915	296953	297471	9
NC_000915	297484	297957	6
NC_000915	298024	306705	10
NC_000915	306753	307970	10
NC_000915	307975	308265	6
NC_000915	308278	309150	9
NC_000915	309151	310830	11
NC_000915	311086	312042	9
NC_000915	312145	314631	11
NC_000915	314873	315187	6
NC_000915	315202	315468	6
NC_000915	315585	317234	11
NC_000915	317245	318249	10
NC_000915	318249	319106	10
NC_000915	319118	319981	8
NC_000915	319978	320784	9
NC_000915	320804	321886	9
NC_000915	321928	322917	8
NC_000915	323161	323715	7
NC_000915	323725	325017	9
NC_000915	325023	325286	5
NC_000915	325302	325706	5
NC_000915	325790	326668	8
NC_000915	326681	327562	9
NC_000915	327976	328941	8
NC_000915	328947	330092	9
NC_000915	330588	330872	1
NC_000915	331854	334091	3
NC_000915	334388	335143	11
NC_000915	335204	336829	10
NC_000915	336832	337071	5
NC_000915	337143	337763	8
NC_000915	337756	339273	2
NC_000915	339415	339957	8
NC_000915	339965	340684	8
NC_000915	340832	341545	8
NC_000915	341563	343116	8
NC_000915	343113	343655	4
NC_000915	343588	344526	9
NC_000915	344523	345305	8
NC_000915	345554	346546	9
NC_000915	346571	347377	8
NC_000915	347374	347607	9
NC_000915	347619	348419	8
NC_000915	348422	348820	6
NC_000915	349779	350084	1
NC_000915	350068	350634	2
NC_000915	351030	351296	1
NC_000915	353995	354891	8
NC_000915	354891	356441	7
NC_000915	356450	358066	9
NC_000915	358326	358994	2
NC_000915	359038	360741	10
NC_000915	360759	361790	9
NC_000915	361801	362553	10
NC_000915	362556	364406	8
NC_000915	364421	366211	9
NC_000915	366226	366984	9
NC_000915	367133	367885	10
NC_000915	367903	369438	8
NC_000915	370160	371194	8
NC_000915	371188	371916	10
NC_000915	371917	372954	11
NC_000915	372965	373594	10
NC_000915	373604	374629	9
NC_000915	374950	376077	11
NC_000915	376074	376682	8
NC_000915	376775	377272	1
NC_000915	377322	378002	3
NC_000915	378258	379634	10
NC_000915	379640	380110	8
NC_000915	380240	380806	7
NC_000915	380965	383067	7
NC_000915	383091	383771	7
NC_000915	383772	384203	7
NC_000915	384259	385263	8
NC_000915	385340	386005	7
NC_000915	386015	388825	9
NC_000915	388835	390112	1
NC_000915	390125	391471	8
NC_000915	391537	392367	9
NC_000915	392364	393587	9
NC_000915	393770	394294	9
NC_000915	394337	395089	2
NC_000915	395292	395519	7
NC_000915	395532	395768	8
NC_000915	395753	397612	9
NC_000915	397646	398377	7
NC_000915	398432	399073	8
NC_000915	399297	399797	7
NC_000915	400052	400549	8
NC_000915	400546	402957	9
NC_000915	403014	403949	8
NC_000915	403953	404711	8
NC_000915	404713	405381	10
NC_000915	405404	407254	10
NC_000915	407264	408838	9
NC_000915	408854	409402	3
NC_000915	409431	411101	8
NC_000915	411222	412046	8
NC_000915	412036	413325	9
NC_000915	413341	415635	10
NC_000915	415635	416621	9
NC_000915	416702	417016	8
NC_000915	417035	418357	11
NC_000915	418383	418973	9
NC_000915	419077	421467	11
NC_000915	421633	422121	5
NC_000915	422132	423658	10
NC_000915	423743	424492	7
NC_000915	426032	426838	1
NC_000915	426924	427292	3
NC_000915	427675	429558	8
NC_000915	429561	430730	8
NC_000915	430899	432851	8
NC_000915	432852	433859	9
NC_000915	433863	434648	9
NC_000915	434665	435093	8
NC_000915	435098	436267	10
NC_000915	436282	438129	10
NC_000915	438242	439168	2
NC_000915	439284	441143	10
NC_000915	441185	442438	8
NC_000915	442479	444212	7
NC_000915	454330	454758	2
NC_000915	456080	457180	1
NC_000915	457297	459330	1
NC_000915	459333	461702	2
NC_000915	462315	463838	1
NC_000915	464158	464937	1
NC_000915	474044	474244	1
NC_000915	474833	475063	2
NC_000915	475056	475508	1
NC_000915	475826	476089	3
NC_000915	476101	476337	3
NC_000915	476337	478913	4
NC_000915	478910	479050	1
NC_000915	480062	481159	3
NC_000915	481152	481250	1
NC_000915	481319	482782	5
NC_000915	482775	485942	3
NC_000915	485990	487885	8
NC_000915	487910	488677	9
NC_000915	488687	489001	4
NC_000915	489003	490490	7
NC_000915	490502	490990	8
NC_000915	490975	492711	9
NC_000915	492809	494059	9
NC_000915	494379	494939	8
NC_000915	495165	495905	10
NC_000915	495927	496601	9
NC_000915	496598	497395	8
NC_000915	497510	498901	10
NC_000915	499019	500122	3
NC_000915	500131	501768	9
NC_000915	501734	502582	4
NC_000915	502628	504427	9
NC_000915	504443	505078	4
NC_000915	505374	505886	2
NC_000915	506346	507134	2
NC_000915	507136	507888	5
NC_000915	508122	509066	8
NC_000915	509352	510938	9
NC_000915	510965	512407	8
NC_000915	512806	515679	6
NC_000915	515693	516580	1
NC_000915	517000	518136	7
NC_000915	518285	518473	7
NC_000915	518573	519409	8
NC_000915	519513	520595	10
NC_000915	520597	521865	9
NC_000915	521862	522122	2
NC_000915	522112	522513	5
NC_000915	522742	524070	10
NC_000915	524081	525409	9
NC_000915	525424	526491	9
NC_000915	526549	527673	10
NC_000915	527686	530007	10
NC_000915	530306	531046	2
NC_000915	531323	531787	2
NC_000915	531991	533202	8
NC_000915	533202	533840	8
NC_000915	533851	535209	5
NC_000915	535211	536590	11
NC_000915	536612	537376	8
NC_000915	538237	539682	7
NC_000915	542013	542462	8
NC_000915	542466	543008	8
NC_000915	543008	544339	10
NC_000915	544339	545244	10
NC_000915	545241	546233	9
NC_000915	546322	547152	3
NC_000915	548134	549579	6
NC_000915	549616	550098	5
NC_000915	550217	552463	6
NC_000915	552472	553464	5
NC_000915	553469	554068	5
NC_000915	554206	559989	3
NC_000915	560004	561572	6
NC_000915	561625	563232	5
NC_000915	563237	563995	5
NC_000915	564381	565037	6
NC_000915	565073	565915	5
NC_000915	566126	566686	5
NC_000915	568723	569853	6
NC_000915	569868	570788	4
NC_000915	570870	571583	6
NC_000915	571580	572695	5
NC_000915	572736	573680	4
NC_000915	573864	574292	6
NC_000915	574347	575153	4
NC_000915	575155	578100	6
NC_000915	578115	578696	7
NC_000915	578740	579087	2
NC_000915	579921	583481	7
NC_000915	583883	584437	5
NC_000915	584583	585350	9
NC_000915	585388	586704	10
NC_000915	586968	587171	8
NC_000915	587196	588059	9
NC_000915	588072	588755	7
NC_000915	588768	589733	2
NC_000915	589730	590551	8
NC_000915	590624	590911	3
NC_000915	591530	592468	8
NC_000915	592491	593732	9
NC_000915	594037	594273	6
NC_000915	594504	595247	8
NC_000915	595289	595501	6
NC_000915	595602	596852	10
NC_000915	597025	597270	5
NC_000915	597293	597940	7
NC_000915	598047	598868	3
NC_000915	598984	600030	9
NC_000915	600177	601049	9
NC_000915	601079	602179	9
NC_000915	602181	603671	10
NC_000915	603719	604297	7
NC_000915	604312	604851	7
NC_000915	604909	605241	2
NC_000915	605293	605748	7
NC_000915	605769	606467	11
NC_000915	606476	607348	10
NC_000915	607348	608226	7
NC_000915	608300	610336	10
NC_000915	610342	610896	5
NC_000915	610903	612021	8
NC_000915	611997	613016	8
NC_000915	613020	613574	3
NC_000915	613978	614823	2
NC_000915	614856	615227	8
NC_000915	615309	615959	9
NC_000915	615962	616192	8
NC_000915	616194	619127	12
NC_000915	619084	620034	8
NC_000915	620219	620560	8
NC_000915	620560	621687	9
NC_000915	621689	622510	9
NC_000915	622510	623070	8
NC_000915	623230	626172	2
NC_000915	626246	628042	2
NC_000915	628139	628303	8
NC_000915	628313	629785	8
NC_000915	629982	630101	1
NC_000915	630199	630837	7
NC_000915	630840	632819	11
NC_000915	632820	633941	10
NC_000915	633964	635265	8
NC_000915	635337	636881	8
NC_000915	637282	638814	9
NC_000915	638932	639588	8
NC_000915	639585	640202	7
NC_000915	640271	641290	8
NC_000915	641299	642732	9
NC_000915	642743	643447	4
NC_000915	643460	646546	11
NC_000915	646543	647112	7
NC_000915	647257	650973	6
NC_000915	650987	656818	10
NC_000915	656878	657387	2
NC_000915	657395	657634	4
NC_000915	657634	658335	7
NC_000915	658630	658962	6
NC_000915	659069	661039	9
NC_000915	661117	662058	7
NC_000915	662093	663826	10
NC_000915	663843	664418	8
NC_000915	665747	666268	7
NC_000915	666410	668659	12
NC_000915	668659	669021	9
NC_000915	669021	670370	9
NC_000915	670363	671490	9
NC_000915	671610	672689	9
NC_000915	672692	673897	8
NC_000915	673909	674241	2
NC_000915	675124	677169	8
NC_000915	677214	677798	9
NC_000915	677958	679112	6
NC_000915	679122	680858	9
NC_000915	680871	681545	10
NC_000915	681542	682078	9
NC_000915	682080	683618	8
NC_000915	683623	683736	3
NC_000915	684146	684598	3
NC_000915	684774	685691	9
NC_000915	685734	686414	7
NC_000915	686477	687685	8
NC_000915	687928	688581	7
NC_000915	688746	690065	9
NC_000915	690062	690355	6
NC_000915	690364	692046	10
NC_000915	692043	692864	9
NC_000915	692876	693283	7
NC_000915	693286	694554	8
NC_000915	694612	696018	9
NC_000915	696024	696653	8
NC_000915	696662	698092	3
NC_000915	698132	698755	9
NC_000915	698770	699273	7
NC_000915	699570	700652	8
NC_000915	700825	703485	10
NC_000915	703487	704548	10
NC_000915	704554	705852	9
NC_000915	705852	707276	10
NC_000915	707276	708520	6
NC_000915	708530	709546	5
NC_000915	709533	709964	8
NC_000915	709976	710695	8
NC_000915	710692	711789	8
NC_000915	711827	712342	7
NC_000915	712342	713715	11
NC_000915	713712	715013	10
NC_000915	715089	715346	1
NC_000915	715384	717144	3
NC_000915	717122	719860	2
NC_000915	719857	721206	2
NC_000915	721328	722140	9
NC_000915	722299	723471	9
NC_000915	725498	726586	9
NC_000915	726648	727154	9
NC_000915	727158	727925	8
NC_000915	728118	728987	8
NC_000915	729049	731415	10
NC_000915	731587	732093	1
NC_000915	732667	734004	10
NC_000915	734363	734803	1
NC_000915	734843	737146	9
NC_000915	737394	739322	9
NC_000915	739466	739966	3
NC_000915	740559	741734	10
NC_000915	741745	742443	8
NC_000915	742440	743063	9
NC_000915	743083	744447	7
NC_000915	744572	745345	6
NC_000915	745457	745570	1
NC_000915	745801	747942	11
NC_000915	747954	750251	8
NC_000915	750268	750768	7
NC_000915	751085	752113	8
NC_000915	752106	752492	8
NC_000915	752512	754995	10
NC_000915	754995	755468	7
NC_000915	755465	756610	8
NC_000915	757282	760107	10
NC_000915	760281	761093	8
NC_000915	761272	762198	8
NC_000915	762219	762563	7
NC_000915	762809	763711	8
NC_000915	763982	765964	10
NC_000915	766154	767374	8
NC_000915	767374	767748	1
NC_000915	767778	768077	2
NC_000915	768089	769333	10
NC_000915	769336	770058	7
NC_000915	770071	770472	8
NC_000915	770469	772205	8
NC_000915	772274	772906	7
NC_000915	773177	773443	2
NC_000915	773436	773597	1
NC_000915	774452	776341	2
NC_000915	776481	777473	8
NC_000915	777602	778933	9
NC_000915	779008	780924	3
NC_000915	781184	782074	6
NC_000915	782071	783057	9
NC_000915	783151	784161	8
NC_000915	784203	785270	7
NC_000915	785676	787397	3
NC_000915	787692	789257	2
NC_000915	789377	790696	10
NC_000915	790698	791159	8
NC_000915	791168	792277	8
NC_000915	792424	792900	9
NC_000915	792951	794021	10
NC_000915	794021	794746	7
NC_000915	794733	796214	9
NC_000915	796224	796709	8
NC_000915	796774	797730	9
NC_000915	798959	799543	6
NC_000915	799717	800178	1
NC_000915	800330	801313	9
NC_000915	801264	802523	9
NC_000915	802534	803715	8
NC_000915	803712	804383	8
NC_000915	804370	805176	8
NC_000915	805169	806371	8
NC_000915	806464	806823	7
NC_000915	806840	808864	11
NC_000915	808936	809316	7
NC_000915	809303	809542	6
NC_000915	809635	810267	4
NC_000915	810419	811297	9
NC_000915	811424	812737	10
NC_000915	812800	814053	11
NC_000915	814054	815367	6
NC_000915	815545	816192	8
NC_000915	816317	816874	5
NC_000915	816883	817764	9
NC_000915	817773	818696	4
NC_000915	820477	821358	7
NC_000915	821530	822135	3
NC_000915	822128	823204	7
NC_000915	823277	824014	7
NC_000915	824033	825355	7
NC_000915	825362	826453	9
NC_000915	826470	827678	9
NC_000915	827702	830029	10
NC_000915	830016	830240	2
NC_000915	830282	831004	8
NC_000915	831112	831795	8
NC_000915	831926	834484	10
NC_000915	834565	834831	8
NC_000915	835102	836391	8
NC_000915	836485	837852	8
NC_000915	837859	838350	7
NC_000915	838878	839432	9
NC_000915	839580	842177	10
NC_000915	842167	843399	9
NC_000915	843679	845178	9
NC_000915	845540	846835	2
NC_000915	846877	848937	11
NC_000915	848962	850470	8
NC_000915	850488	851012	8
NC_000915	851017	851604	8
NC_000915	851625	852980	9
NC_000915	853092	853928	11
NC_000915	853957	854739	7
NC_000915	854858	855334	8
NC_000915	855343	855873	9
NC_000915	855886	856323	5
NC_000915	856324	856545	7
NC_000915	856621	857199	7
NC_000915	857288	858106	8
NC_000915	858216	859250	7
NC_000915	859421	860275	5
NC_000915	860357	860977	5
NC_000915	860994	863357	10
NC_000915	863551	863910	8
NC_000915	863917	864468	2
NC_000915	864477	865079	6
NC_000915	865058	865384	5
NC_000915	865837	866847	6
NC_000915	866980	867597	8
NC_000915	867598	868365	8
NC_000915	868381	869154	9
NC_000915	869157	869930	9
NC_000915	869927	870373	9
NC_000915	870565	872103	6
NC_000915	872107	872757	8
NC_000915	872760	872939	3
NC_000915	872931	873392	7
NC_000915	873393	875177	9
NC_000915	875188	876453	11
NC_000915	876454	876798	5
NC_000915	876887	877207	8
NC_000915	877212	878147	9
NC_000915	878363	879184	9
NC_000915	879390	879638	4
NC_000915	879963	880643	7
NC_000915	880765	882210	8
NC_000915	882220	883581	10
NC_000915	883640	884230	8
NC_000915	884232	885020	8
NC_000915	885112	885990	4
NC_000915	886067	887443	8
NC_000915	887480	887869	6
NC_000915	889101	889718	8
NC_000915	889715	891478	11
NC_000915	891482	892483	10
NC_000915	892480	893757	10
NC_000915	893757	894494	7
NC_000915	894519	895178	3
NC_000915	895171	895980	8
NC_000915	895977	896798	8
NC_000915	896843	899443	7
NC_000915	899837	900655	1
NC_000915	901118	902857	4
NC_000915	902875	903558	8
NC_000915	903788	904729	3
NC_000915	904726	906327	11
NC_000915	906525	907502	8
NC_000915	907687	909231	2
NC_000915	909241	910335	3
NC_000915	910338	910916	7
NC_000915	910909	912294	10
NC_000915	912291	913283	9
NC_000915	913292	913813	7
NC_000915	913803	914543	4
NC_000915	914534	915205	7
NC_000915	915210	916838	7
NC_000915	916843	917499	8
NC_000915	917496	917933	9
NC_000915	917923	918417	7
NC_000915	918458	919540	8
NC_000915	919540	920001	2
NC_000915	920005	920358	9
NC_000915	920417	922573	10
NC_000915	922781	923515	9
NC_000915	923867	924196	6
NC_000915	924251	924466	8
NC_000915	924551	925426	11
NC_000915	925571	927088	10
NC_000915	927411	929786	10
NC_000915	929787	930260	10
NC_000915	930515	931123	3
NC_000915	932818	933369	10
NC_000915	933395	935239	9
NC_000915	935332	936792	8
NC_000915	936793	938190	9
NC_000915	938415	942287	8
NC_000915	942347	943114	8
NC_000915	943114	944094	9
NC_000915	944087	944935	9
NC_000915	945075	945599	9
NC_000915	946345	946608	3
NC_000915	946592	946969	2
NC_000915	947580	949706	6
NC_000915	950740	951852	9
NC_000915	951858	952091	7
NC_000915	952091	952819	8
NC_000915	952928	953053	1
NC_000915	953064	953363	3
NC_000915	953461	953817	4
NC_000915	953783	954661	9
NC_000915	954846	955217	2
NC_000915	955261	955539	2
NC_000915	956485	958068	1
NC_000915	958119	959024	6
NC_000915	959021	960838	10
NC_000915	960890	961495	4
NC_000915	961476	962627	9
NC_000915	962631	964658	10
NC_000915	965177	966724	6
NC_000915	966746	968335	5
NC_000915	969238	970782	10
NC_000915	971028	972716	5
NC_000915	972716	973465	3
NC_000915	973725	974156	7
NC_000915	974161	977418	11
NC_000915	977517	978209	9
NC_000915	978353	979351	11
NC_000915	979432	987021	10
NC_000915	988242	988448	5
NC_000915	988604	989185	8
NC_000915	989182	990327	7
NC_000915	990314	991246	7
NC_000915	991247	991789	7
NC_000915	991805	992716	7
NC_000915	992713	993516	6
NC_000915	993953	994171	2
NC_000915	994173	994775	10
NC_000915	994778	995533	7
NC_000915	995544	996029	9
NC_000915	996532	997701	4
NC_000915	999197	999544	1
NC_000915	999607	1000329	8
NC_000915	1000304	1001074	9
NC_000915	1001142	1002275	7
NC_000915	1002282	1003634	9
NC_000915	1003675	1004907	9
NC_000915	1004929	1005306	7
NC_000915	1005802	1006101	1
NC_000915	1006665	1008155	10
NC_000915	1008470	1008832	4
NC_000915	1009199	1010212	10
NC_000915	1010222	1010674	8
NC_000915	1010688	1011557	9
NC_000915	1011638	1012252	7
NC_000915	1012263	1012919	10
NC_000915	1012922	1013488	8
NC_000915	1013553	1014185	6
NC_000915	1014182	1015036	9
NC_000915	1015046	1015774	7
NC_000915	1015786	1016967	8
NC_000915	1016968	1017732	3
NC_000915	1017742	1018473	8
NC_000915	1018460	1019371	8
NC_000915	1019385	1020323	9
NC_000915	1020909	1022252	3
NC_000915	1023250	1024581	3
NC_000915	1024578	1026224	8
NC_000915	1026448	1026735	4
NC_000915	1027102	1030164	11
NC_000915	1030161	1031240	8
NC_000915	1031237	1032496	8
NC_000915	1032528	1034633	8
NC_000915	1035819	1037294	10
NC_000915	1037309	1037590	7
NC_000915	1037710	1039020	9
NC_000915	1039149	1040612	7
NC_000915	1040628	1042106	10
NC_000915	1042237	1043394	10
NC_000915	1047054	1047878	9
NC_000915	1052882	1053595	3
NC_000915	1053600	1054229	1
NC_000915	1054815	1055066	1
NC_000915	1055038	1055841	3
NC_000915	1056158	1057225	6
NC_000915	1058373	1060175	2
NC_000915	1062687	1063343	4
NC_000915	1063428	1063712	4
NC_000915	1063756	1064940	2
NC_000915	1064965	1066047	2
NC_000915	1066053	1066874	2
NC_000915	1067156	1067470	2
NC_000915	1067611	1067745	1
NC_000915	1068021	1068554	1
NC_000915	1072429	1074456	7
NC_000915	1074493	1075548	7
NC_000915	1075545	1076879	11
NC_000915	1076894	1077796	10
NC_000915	1077811	1078581	10
NC_000915	1078591	1079199	5
NC_000915	1079196	1079735	7
NC_000915	1079950	1081392	7
NC_000915	1081537	1082868	10
NC_000915	1082890	1084110	8
NC_000915	1084132	1085028	7
NC_000915	1085284	1086120	8
NC_000915	1086215	1087465	10
NC_000915	1087633	1088499	9
NC_000915	1088509	1088880	9
NC_000915	1088877	1090052	10
NC_000915	1090212	1090664	9
NC_000915	1090684	1091127	2
NC_000915	1091178	1091714	8
NC_000915	1091743	1092606	9
NC_000915	1092610	1093674	9
NC_000915	1093667	1094410	11
NC_000915	1094412	1094726	7
NC_000915	1094733	1095617	9
NC_000915	1095614	1096990	8
NC_000915	1096987	1097475	10
NC_000915	1097475	1098548	10
NC_000915	1098562	1099065	6
NC_000915	1099194	1100483	9
NC_000915	1100514	1100786	8
NC_000915	1100927	1103128	8
NC_000915	1103159	1104202	8
NC_000915	1104745	1105416	7
NC_000915	1105773	1106885	9
NC_000915	1107083	1109071	8
NC_000915	1109179	1109619	8
NC_000915	1109612	1109947	7
NC_000915	1109947	1112781	11
NC_000915	1112778	1113032	7
NC_000915	1113019	1113900	10
NC_000915	1113954	1114427	5
NC_000915	1114449	1115336	7
NC_000915	1115333	1115920	5
NC_000915	1115923	1117245	6
NC_000915	1117255	1118199	7
NC_000915	1118208	1119050	5
NC_000915	1119040	1119762	8
NC_000915	1119911	1120723	9
NC_000915	1120723	1121733	11
NC_000915	1121801	1122283	4
NC_000915	1122276	1123037	7
NC_000915	1123038	1124075	8
NC_000915	1124072	1124608	8
NC_000915	1124602	1124832	6
NC_000915	1124835	1125242	7
NC_000915	1125375	1125947	4
NC_000915	1126301	1126642	8
NC_000915	1126643	1127644	7
NC_000915	1127653	1129551	11
NC_000915	1129798	1130511	7
NC_000915	1130508	1132745	10
NC_000915	1132746	1132946	7
NC_000915	1133091	1133879	4
NC_000915	1133935	1135251	9
NC_000915	1135386	1135901	6
NC_000915	1135905	1136900	11
NC_000915	1137673	1138785	3
NC_000915	1138896	1139465	6
NC_000915	1139469	1140092	10
NC_000915	1140086	1141741	9
NC_000915	1141833	1143272	8
NC_000915	1143527	1144450	8
NC_000915	1144517	1145032	8
NC_000915	1145032	1145739	5
NC_000915	1145705	1146547	8
NC_000915	1146594	1148519	10
NC_000915	1148516	1150852	10
NC_000915	1150849	1153416	9
NC_000915	1153676	1154956	8
NC_000915	1155009	1155818	7
NC_000915	1156050	1156262	1
NC_000915	1159661	1160287	8
NC_000915	1160306	1162132	11
NC_000915	1162198	1163475	11
NC_000915	1163486	1164169	8
NC_000915	1164156	1165166	9
NC_000915	1165328	1166374	8
NC_000915	1166386	1167681	2
NC_000915	1167872	1169179	9
NC_000915	1169186	1169848	9
NC_000915	1170138	1170698	7
NC_000915	1170714	1171106	7
NC_000915	1171116	1172339	9
NC_000915	1172352	1173296	10
NC_000915	1173406	1174728	9
NC_000915	1174794	1175627	9
NC_000915	1175638	1177614	9
NC_000915	1181667	1182437	7
NC_000915	1182440	1182556	1
NC_000915	1182706	1184409	10
NC_000915	1184620	1186440	10
NC_000915	1186442	1186876	8
NC_000915	1187005	1187961	8
NC_000915	1188105	1188308	3
NC_000915	1188372	1188578	5
NC_000915	1188610	1189167	7
NC_000915	1189154	1190149	7
NC_000915	1190157	1190615	3
NC_000915	1190763	1192016	10
NC_000915	1192013	1192603	4
NC_000915	1192857	1193258	6
NC_000915	1193311	1193880	9
NC_000915	1193891	1194262	9
NC_000915	1194273	1195682	10
NC_000915	1195705	1196610	9
NC_000915	1196625	1198136	9
NC_000915	1198157	1198699	7
NC_000915	1198700	1199215	7
NC_000915	1199764	1200636	9
NC_000915	1200639	1201433	8
NC_000915	1201436	1202074	7
NC_000915	1202071	1202982	9
NC_000915	1203006	1205279	4
NC_000915	1205325	1206626	8
NC_000915	1211231	1211587	8
NC_000915	1211609	1212298	7
NC_000915	1212299	1212853	7
NC_000915	1212854	1213201	8
NC_000915	1213218	1213448	8
NC_000915	1213522	1214868	9
NC_000915	1214883	1217501	9
NC_000915	1217638	1218045	8
NC_000915	1218057	1219118	7
NC_000915	1219226	1221316	9
NC_000915	1221414	1225031	8
NC_000915	1225045	1225818	8
NC_000915	1225846	1226379	8
NC_000915	1226470	1226892	6
NC_000915	1226947	1227441	11
NC_000915	1227531	1228112	7
NC_000915	1228239	1228430	6
NC_000915	1228455	1229429	9
NC_000915	1229436	1230596	10
NC_000915	1230660	1232297	11
NC_000915	1232603	1234018	10
NC_000915	1234296	1236359	11
NC_000915	1236572	1237225	8
NC_000915	1237227	1237898	8
NC_000915	1237900	1238646	8
NC_000915	1238695	1239528	10
NC_000915	1239650	1240201	10
NC_000915	1240473	1241696	9
NC_000915	1241825	1243132	10
NC_000915	1243583	1245508	7
NC_000915	1245964	1246665	9
NC_000915	1246662	1247903	10
NC_000915	1247915	1249171	9
NC_000915	1249488	1250819	9
NC_000915	1250838	1251599	8
NC_000915	1251608	1252759	9
NC_000915	1252785	1254164	10
NC_000915	1254325	1255500	10
NC_000915	1255474	1255590	4
NC_000915	1256746	1257693	5
NC_000915	1259619	1260659	8
NC_000915	1260646	1261974	9
NC_000915	1262036	1263085	9
NC_000915	1263276	1263557	1
NC_000915	1263775	1264764	6
NC_000915	1265308	1267386	10
NC_000915	1267398	1267865	9
NC_000915	1267881	1268288	5
NC_000915	1268377	1277049	11
NC_000915	1277273	1277650	7
NC_000915	1277696	1278190	7
NC_000915	1278299	1279003	7
NC_000915	1279048	1279473	6
NC_000915	1279491	1280021	8
NC_000915	1280048	1280227	6
NC_000915	1280485	1280643	7
NC_000915	1280679	1281878	9
NC_000915	1282579	1284315	6
NC_000915	1284324	1284992	7
NC_000915	1285193	1286182	7
NC_000915	1286191	1286709	1
NC_000915	1286969	1287484	7
NC_000915	1288088	1288405	7
NC_000915	1288538	1290604	11
NC_000915	1290607	1291311	8
NC_000915	1291604	1293586	8
NC_000915	1293589	1294068	7
NC_000915	1294117	1295391	9
NC_000915	1295704	1296390	7
NC_000915	1296384	1297088	8
NC_000915	1297129	1299969	9
NC_000915	1300041	1300373	10
NC_000915	1300394	1301056	3
NC_000915	1301104	1301496	7
NC_000915	1301547	1302584	10
NC_000915	1302679	1302969	6
NC_000915	1303162	1303587	6
NC_000915	1303589	1304806	8
NC_000915	1304803	1305345	8
NC_000915	1305342	1305998	10
NC_000915	1305995	1307137	10
NC_000915	1307232	1307693	9
NC_000915	1308086	1308982	10
NC_000915	1308986	1310233	10
NC_000915	1310312	1310863	9
NC_000915	1310863	1311990	10
NC_000915	1312156	1313160	9
NC_000915	1313242	1313355	1
NC_000915	1313614	1314186	7
NC_000915	1314188	1316731	11
NC_000915	1316851	1317081	4
NC_000915	1317838	1320039	1
NC_000915	1320338	1320595	7
NC_000915	1320618	1321157	8
NC_000915	1321167	1321595	2
NC_000915	1321749	1322771	8
NC_000915	1322761	1324695	11
NC_000915	1324695	1325486	8
NC_000915	1326081	1327127	9
NC_000915	1327124	1328908	9
NC_000915	1328909	1329889	9
NC_000915	1329960	1330682	7
NC_000915	1330805	1331404	4
NC_000915	1331404	1331961	1
NC_000915	1331965	1332570	10
NC_000915	1332560	1333024	8
NC_000915	1333094	1333711	4
NC_000915	1333813	1334214	8
NC_000915	1334214	1334693	9
NC_000915	1334693	1335490	9
NC_000915	1335492	1336721	10
NC_000915	1336718	1336948	6
NC_000915	1336951	1337937	7
NC_000915	1337934	1340468	9
NC_000915	1340465	1341454	10
NC_000915	1341465	1342127	9
NC_000915	1342120	1342668	9
NC_000915	1342665	1342967	8
NC_000915	1342970	1344808	11
NC_000915	1344812	1346350	9
NC_000915	1346337	1347809	10
NC_000915	1347799	1350204	6
NC_000915	1350206	1351585	9
NC_000915	1352363	1353151	9
NC_000915	1353148	1354329	10
NC_000915	1354331	1355689	7
NC_000915	1355682	1356689	10
NC_000915	1356686	1357270	8
NC_000915	1357267	1358769	11
NC_000915	1358992	1360449	3
NC_000915	1360547	1361587	9
NC_000915	1361657	1362394	9
NC_000915	1362519	1363067	4
NC_000915	1363131	1363784	9
NC_000915	1364730	1365215	4
NC_000915	1365401	1366063	10
NC_000915	1366051	1366665	8
NC_000915	1367372	1367722	8
NC_000915	1367722	1368756	10
NC_000915	1368768	1369394	8
NC_000915	1369404	1369799	9
NC_000915	1369822	1370184	9
NC_000915	1370183	1370317	1
NC_000915	1370380	1370598	6
NC_000915	1370598	1371359	10
NC_000915	1371359	1372621	9
NC_000915	1372664	1373065	8
NC_000915	1373085	1373528	8
NC_000915	1373543	1373899	8
NC_000915	1373913	1374449	10
NC_000915	1374460	1374855	7
NC_000915	1374865	1375050	2
NC_000915	1375060	1375605	8
NC_000915	1375618	1375839	6
NC_000915	1375839	1376207	10
NC_000915	1376210	1376470	9
NC_000915	1376483	1376683	8
NC_000915	1376670	1377095	9
NC_000915	1377098	1377802	7
NC_000915	1377806	1378174	9
NC_000915	1378184	1378420	1
NC_000915	1378476	1379306	7
NC_000915	1379608	1380255	8
NC_000915	1380290	1380865	7
NC_000915	1380902	1381216	7
NC_000915	1381381	1382514	7
NC_000915	1382747	1383325	1
NC_000915	1383299	1383913	5
NC_000915	1383944	1384195	1
NC_000915	1384217	1385608	10
NC_000915	1385783	1386160	6
NC_000915	1386165	1387403	9
NC_000915	1387400	1388416	4
NC_000915	1388417	1391524	11
NC_000915	1391527	1391874	7
NC_000915	1391868	1392554	11
NC_000915	1392565	1393674	9
NC_000915	1393853	1394947	5
NC_000915	1395894	1396922	8
NC_000915	1397061	1397822	8
NC_000915	1397819	1398334	8
NC_000915	1398327	1398797	8
NC_000915	1399099	1399536	6
NC_000915	1399533	1399922	8
NC_000915	1399888	1400745	4
NC_000915	1403168	1403896	2
NC_000915	1403903	1404859	8
NC_000915	1404875	1406083	10
NC_000915	1406099	1407091	9
NC_000915	1407180	1407881	8
NC_000915	1407878	1408600	8
NC_000915	1408587	1409750	7
NC_000915	1409757	1411121	8
NC_000915	1411346	1412218	7
NC_000915	1412218	1413297	9
NC_000915	1413441	1413578	1
NC_000915	1413719	1414261	1
NC_000915	1414536	1417043	5
NC_000915	1417068	1417889	9
NC_000915	1417889	1418899	9
NC_000915	1418889	1419692	6
NC_000915	1419686	1420192	8
NC_000915	1420205	1420690	8
NC_000915	1420692	1421489	9
NC_000915	1421605	1422918	10
NC_000915	1422915	1424381	9
NC_000915	1424392	1425792	10
NC_000915	1425795	1426988	10
NC_000915	1426963	1427604	9
NC_000915	1427688	1428959	4
NC_000915	1428975	1429751	2
NC_000915	1429744	1430607	3
NC_000915	1430856	1432280	5
NC_000915	1432418	1433284	3
NC_000915	1433295	1436201	7
NC_000915	1436251	1436997	8
NC_000915	1437001	1438044	10
NC_000915	1438087	1439427	11
NC_000915	1439429	1440241	8
NC_000915	1440245	1440724	9
NC_000915	1440896	1441336	7
NC_000915	1441694	1442356	8
NC_000915	1442398	1444905	10
NC_000915	1444902	1445741	8
NC_000915	1446085	1446477	1
NC_000915	1446953	1447156	6
NC_000915	1447156	1448028	7
NC_000915	1448099	1448752	8
NC_000915	1448730	1449674	9
NC_000915	1451757	1452053	7
NC_000915	1452072	1453379	8
NC_000915	1453376	1454950	11
NC_000915	1454965	1455819	10
NC_000915	1456007	1456735	8
NC_000915	1458582	1459724	8
NC_000915	1459926	1460894	9
NC_000915	1461383	1463959	12
NC_000915	1464048	1464755	8
NC_000915	1464755	1467733	9
NC_000915	1467803	1470256	10
NC_000915	1470728	1470952	2
NC_000915	1471119	1471967	7
NC_000915	1471967	1472845	7
NC_000915	1484029	1484475	9
NC_000915	1484535	1484876	7
NC_000915	1484947	1485777	6
NC_000915	1485782	1486885	6
NC_000915	1486895	1487731	2
NC_000915	1487713	1488564	1
NC_000915	1488625	1489404	10
NC_000915	1489408	1489659	7
NC_000915	1489685	1490989	8
NC_000915	1490990	1491904	8
NC_000915	1491921	1494683	10
NC_000915	1494708	1494962	7
NC_000915	1495064	1495684	3
NC_000915	1495812	1496135	2
NC_000915	1496096	1496638	1
NC_000915	1497367	1498440	9
NC_000915	1498437	1499426	11
NC_000915	1499410	1501479	10
NC_000915	1501517	1502332	6
NC_000915	1503099	1503224	3
NC_000915	1503438	1506116	1
NC_000915	1506117	1506998	8
NC_000915	1507001	1507879	7
NC_000915	1507950	1508198	1
NC_000915	1513143	1513922	10
NC_000915	1514046	1514534	7
NC_000915	1514554	1514784	5
NC_000915	1514781	1515587	6
NC_000915	1515584	1516042	7
NC_000915	1516045	1516497	9
NC_000915	1516508	1516909	9
NC_000915	1516981	1517115	2
NC_000915	1517075	1517560	8
NC_000915	1517547	1517900	8
NC_000915	1517906	1519549	8
NC_000915	1519549	1520343	5
NC_000915	1520336	1521688	9
NC_000915	1521892	1524132	9
NC_000915	1524949	1525860	8
NC_000915	1525870	1526211	6
NC_000915	1526219	1526746	6
NC_000915	1526770	1527402	8
NC_000915	1527772	1528086	8
NC_000915	1528141	1528929	8
NC_000915	1528911	1532546	11
NC_000915	1532694	1533746	8
NC_000915	1533923	1534510	8
NC_000915	1534529	1535206	8
NC_000915	1535209	1536024	10
NC_000915	1536009	1536794	9
NC_000915	1536794	1537927	7
NC_000915	1538062	1538757	8
NC_000915	1538762	1539784	10
NC_000915	1539836	1540582	9
NC_000915	1540697	1543372	10
NC_000915	1543443	1544654	2
NC_000915	1544702	1546741	4
NC_000915	1546772	1547329	7
NC_000915	1547335	1547910	8
NC_000915	1547912	1548385	7
NC_000915	1548385	1548948	9
NC_000915	1548958	1549614	8
NC_000915	1549611	1551659	10
NC_000915	1551656	1554190	8
NC_000915	1554200	1555447	10
NC_000915	1555448	1556245	9
NC_000915	1556249	1556509	4
NC_000915	1556519	1557259	8
NC_000915	1557286	1557732	9
NC_000915	1557743	1558315	9
NC_000915	1558302	1559432	9
NC_000915	1559429	1560526	10
NC_000915	1560538	1561527	10
NC_000915	1561539	1563071	10
NC_000915	1563068	1564369	9
NC_000915	1564521	1566122	10
NC_000915	1566261	1566530	8
NC_000915	1566542	1567153	9
NC_000915	1567157	1568500	9
NC_000915	1568504	1569454	8
NC_000915	1569509	1570045	10
NC_000915	1570055	1570615	9
NC_000915	1570670	1571737	11
NC_000915	1573068	1574198	9
NC_000915	1574320	1574448	2
NC_000915	1574413	1574850	8
NC_000915	1574847	1577213	10
NC_000915	1577239	1577955	9
NC_000915	1577937	1578971	11
NC_000915	1578968	1580194	10
NC_000915	1580325	1581479	10
NC_000915	1581489	1582865	10
NC_000915	1582941	1583633	9
NC_000915	1583630	1583983	1
NC_000915	1583967	1584293	4
NC_000915	1584447	1587080	10
NC_000915	1587114	1587227	4
NC_000915	1587307	1588467	5
NC_000915	1588569	1589756	10
NC_000915	1590649	1594488	7
NC_000915	1595770	1597062	1
NC_000915	1597196	1600099	9
NC_000915	1600102	1600689	5
NC_000915	1600686	1602038	2
NC_000915	1602088	1603959	10
NC_000915	1604392	1605027	8
NC_000915	1605024	1605776	7
NC_000915	1605956	1607395	7
NC_000915	1607624	1608997	9
NC_000915	1609150	1609692	8
NC_000915	1609735	1609974	7
NC_000915	1609975	1611768	10
NC_000915	1611791	1612417	9
NC_000915	1615030	1615716	3
NC_000915	1615878	1616735	9
NC_000915	1616732	1617970	11
NC_000915	1617981	1618484	8
NC_000915	1618609	1621608	10
NC_000915	1621612	1621884	2
NC_000915	1621941	1622879	8
NC_000915	1622888	1623814	7
NC_000915	1623814	1624998	9
NC_000915	1624988	1625500	6
NC_000915	1625497	1627917	10
NC_000915	1627927	1628265	10
NC_000915	1628275	1629246	9
NC_000915	1629255	1630832	11
NC_000915	1630829	1631212	3
NC_000915	1631260	1632576	8
NC_000915	1632600	1635416	10
NC_000915	1635686	1636480	8
NC_000915	1636480	1637547	9
NC_000915	1637996	1639843	10
NC_000915	1639850	1639975	5
NC_000915	1639999	1640328	7
NC_000915	1640456	1640941	7
NC_000915	1640954	1641310	1
NC_000915	1641584	1642750	10
NC_000915	1642774	1643781	4
NC_000915	1643982	1644983	10
NC_000915	1645224	1645820	8
NC_000915	1645960	1646775	10
NC_000915	1647268	1649034	9
NC_000915	1649015	1649458	5
NC_000915	1649471	1650097	9
NC_000915	1650094	1650645	8
NC_000915	1650645	1651238	7
NC_000915	1651213	1651707	7
NC_000915	1651704	1652651	8
NC_000915	1652651	1653769	9
NC_000915	1653857	1654621	9
NC_000915	1654696	1655316	9
NC_000915	1655317	1655589	7
NC_000915	1655611	1656594	10
NC_000915	1656596	1657243	8
NC_000915	1658442	1658870	3
NC_000915	1658880	1659476	9
NC_000915	1659473	1660411	8
NC_000915	1660610	1661398	9
NC_000915	1661400	1662323	9
NC_000915	1662388	1663410	8
NC_000915	1663590	1664378	10
NC_000915	1664877	1665344	2
NC_000915	1665805	1665945	4
NC_000915	1666029	1666790	10